271973
763359
1276805
1897127
834076
374241
320148
1914016
1606705
1273538
1797353
178816
672621
511399
816484
1824738
1319987
217970
1871152
1507825
1697748
1822846
1468062
1245028
122976
1363930
1904281
1658389
705616
319883
1130271
1423525
899799
1595282
371229
1685135
912568
1358996
435732
583365
772470
106443
1292949
1770535
357078
101857
365189
1384181
1493848
2398
749623
1735719
513223
1560396
1161065
1143640
1998844
1530194
1841891
1287597
315064
672690
954478
677384
1626057
797530
613549
1314520
1667912
1629547
234109
931027
1242808
649255
591415
1696477
491832
1093511
1387060
1604589
1548938
1859050
952039
740636
1226834
1705246
1142884
1777176
177208
474698
502937
749317
1837267
595534
898185
769449
1051805
1660352
1673835
342281
334665
1462764
1615525
462946
419037
952958
236201
1252705
1151200
446800
80401
35090
1428596
1654431
1887029
257399
971543
526516
453294
188858
754284
191697
1684714
1060611
1565698
558026
427871
1771360
1624987
1468063
1699456
559133
439811
1030401
1291438
1216159
134134
921953
504506
1739129
207340
1520947
1312150
1598296
47028
319349
1398924
1387948
813792
246435
1461835
524182
164314
1650351
719471
1273610
1921702
1458665
429611
1509399
1985106
379457
1864171
821025
278421
1262072
1253285
519382
458160
1572518
71994
386982
533748
597945
753025
1498152
1756485
217325
1823066
1265556
1515288
985607
592130
445662
1453122
1414612
2352
1074448
1388583
1256803
1835105
1267814
715079
516030
1110392
449539
339450
331036
80883
185510
1757492
1269836
703239
758343
648788
1035944
1040063
1564152
1390346
331671
1612397
1066563
1135917
600013
1827329
1903561
433936
387067
433451
1594986
1617779
790190
478457
1294793
673142
273131
1794926
724799
1245195
625492
722951
268261
1904369
1100461
1576283
894567
1727281
1141067
332884
298623
1002003
1731149
1303558
1144308
699765
1645579
1816980
559047
1324815
1057959
826837
1197694
304078
817783
1355315
1886225
659727
303601
1854013
1494900
493063
280709
660224
668060
539640
272189
31665
459525
796312
423444
586858
163700
1354643
340091
1647734
1376730
1513245
1583642
1420438
1186406
1175008
265660
244886
982984
1308657
1385565
319272
1813946
224086
1009115
496168
191822
420127
306086
995281
949436
732290
1801909
1853810
1159590
74404
111731
1698444
682725
793097
1730582
1209486
1894522
439472
702510
438350
623888
1831543
1990296
863289
161086
1677857
1519161
1599516
147953
914413
1869561
1436361
1379209
1908709
1646216
1132222
455615
3054
1746127
1320404
13277
1128854
165374
791169
639776
1985251
1698536
1137040
559453
573270
766864
1052792
586163
1065734
1196747
1788444
877356
1560978
1120173
1686644
1058953
1750856
637483
1885355
436627
238726
724485
1832095
1662437
1916171
1933655
1606733
1607379
1309180
1152988
1272027
1479779
992427
429843
1779528
1656373
1440852
376946
69893
982348
137648
816195
1215330
23595
338407
1238477
789111
1463666
119089
1484537
1704214
311758
1918472
966139
350543
1370422
42553
74345
1668562
41807
962357
1104161
1501115
456824
1207214
1727995
1682639
1511666
1926209
1044485
1919277
1518200
957234
622879
229118
225499
961469
436342
1766692
1118905
212895
953641
992153
417968
1043388
112775
802433
745396
960476
35705
1105805
852274
1164261
165015
881782
672547
1123501
177084
320160
275278
395747
716751
199566
324732
1243468
1981722
1206597
1267197
255150
295776
143391
415542
1298065
369369
823809
1881439
568543
715060
1206624
1553398
1520866
1659851
1768290
1745779
1747639
408503
1309423
424195
505595
288853
1141259
111248
1088215
704298
1115045
1102466
379252
1708224
981798
1905239
198256
701688
475477
469408
1645405
182437
1133010
1639967
818376
1006330
704753
544403
293057
1277165
1664633
1505496
862952
321150
94413
1308528
680112
227631
10103
701305
1319460
930927
1956223
1434124
1792966
1463229
243232
996039
237508
674539
862997
1064182
719696
1451491
887693
240541
1354334
1125483
1493004
206950
1916591
182173
1539453
83108
1863848
1148500
321795
1598146
437966
760128
875263
1576298
1390104
1166519
697734
1255921
1619847
122838
525956
708438
1961245
894689
1274837
1689083
1345026
1956073
1971476
509067
731990
1073680
1171716
128527
429951
296431
1889459
1142027
1930679
255350
237985
301799
1811829
672591
308461
1599172
21978
1368324
1704310
1517106
818062
1774423
489435
1954121
787454
1103666
985601
497502
286136
1915659
1183265
979088
928292
339771
607337
330175
1404232
146952
1071404
1460064
1893470
221904
271238
932738
376306
1176143
855957
584857
1276838
1311667
1802957
538018
741249
773063
649737
1678374
851045
563840
812851
99551
1881228
1190932
97697
252196
1403677
928474
876139
809695
1132006
1112510
1416844
1343967
1355401
1054545
606857
221117
1824004
1460807
118611
1422867
1613205
874203
833697
571736
842538
1148191
230691
1237483
1411044
773293
1829703
304858
1521977
571381
832811
564465
600646
1330433
572889
1553535
265489
996543
656483
1790942
481978
240211
189149
72468
1076516
1047941
615028
476294
1941514
1351700
1840247
1021145
1433982
605618
703962
1256970
536036
1308652
462755
223488
1171718
210026
532612
1310779
465723
723232
1601201
221235
1612134
643414
299975
851281
30021
1178331
1930766
138024
1954802
333911
360250
797139
1468321
1835735
1695515
1316688
1760959
433292
1141671
1018876
795444
1896723
799123
714006
926591
1656076
1605384
1392614
1592738
983508
1505994
1671554
1817864
75036
355510
134738
960163
202996
1365491
1732307
1669905
1540923
1039073
932918
1059676
499523
638600
182732
167611
414919
340207
593361
1957332
1968406
937070
44276
1258195
1211110
1074159
841563
917294
1565525
1485369
1175343
1292088
981488
1388280
99547
121319
1335195
523646
1460242
635824
305375
672545
906007
1333870
1145060
988887
606636
1020863
1008164
1798229
1820429
1897759
1542928
1718041
1190443
523134
711229
1804320
685988
731411
286914
1396238
1392028
951220
1206775
531919
865539
1651703
1296321
797845
1293088
9076
1314229
606003
454153
1159831
1574199
1719900
1747865
1967384
1634483
576620
1134863
1490156
1309263
131963
711554
278499
1798405
1395962
678374
530928
1718049
1281656
1566130
991696
1109642
1950197
603422
1470987
730849
689815
1417413
622642
336139
1805524
227416
1948943
735141
1641239
1340268
247135
1490569
1429153
19989
1031593
1358396
963519
648522
1700039
189156
634314
1301702
1222547
1791425
1612436
1611937
1826738
30911
1383126
1028198
338883
1191883
1613301
1341777
1145865
1859830
21141
1535559
1196500
967484
441298
1829581
1957549
1253787
1176226
814160
1804330
1780706
122191
641156
879164
259919
1186742
1743922
1490295
742065
1955727
209409
221566
640176
720849
473431
1112955
275259
1372929
1019408
1590470
1513206
1612700
1340604
663182
54507
464284
1846031
1094562
338471
682862
136750
952996
630396
1967268
403460
1759006
204157
571075
664826
1687156
1416129
1855338
455291
486864
729018
955659
1128000
490883
8838
1913553
1742742
1960401
1502512
817681
545566
585012
1193254
1761468
710748
1308682
660985
1929960
1530118
1299792
922870
221854
1065249
1723047
1704731
469568
563387
413792
241899
1174034
70644
381103
1434313
1165310
1484500
328559
998460
1972971
1360290
44186
1554386
1561463
427966
1053078
513523
1068365
1536800
227240
5350
573825
798060
551320
828269
1846576
1989939
1031849
888271
1770894
45891
186719
862183
90395
289208
776228
1504546
1032396
78544
1258488
209512
1999181
899699
1595526
255800
372814
1926507
1536585
335907
1646139
1179266
84359
580632
1104808
1115028
468410
262559
1392845
508864
201219
862175
1705185
111346
577647
726515
529134
1822941
1668914
1678487
1892099
1298721
46519
955036
65774
1675222
425388
1812007
986506
718220
321697
829510
425955
884698
396226
1541944
907176
1371915
634451
1115454
82961
1300373
1409639
1218642
203139
1467180
1490296
7422
1747588
577875
1869391
259439
1094780
514227
533287
1772331
21339
1289322
1023507
1934979
487500
852349
1986225
345335
578721
1814259
1638916
1445763
1551086
1997666
759638
1310556
221720
1279623
1981159
512152
156487
896566
1586281
1494834
762114
65302
1880440
43436
866753
451309
1545454
482210
324156
30653
1587798
1615435
1957177
248557
570179
1469015
1164399
1255329
609576
1264876
1510883
1296556
1953661
1210024
536849
989223
1868359
1899265
614905
1632726
1369834
1550517
1229244
160598
564682
212309
439067
1950419
883212
187502
768323
1889792
755423
76959
1890640
1680093
1668508
725424
1830750
1815234
137972
168759
1132139
591213
120572
1317694
433600
1693991
1188
46685
35343
547442
1499499
1693886
713822
850122
657816
1142761
1736814
1004025
1772603
847376
1219334
1183423
1120780
1043067
1556514
608784
230694
1478579
81275
1511079
976564
178881
915715
266558
1881415
1279513
1297436
296151
1391069
926759
1325706
291376
1239626
1233376
1118001
730940
1449257
1980394
106309
1332112
151579
368510
116050
1646515
528676
1684180
5786
1514030
1333351
998822
1817730
1105893
1469004
1292676
1880337
446287
840477
241489
291513
669925
1229476
698756
854199
713570
792821
1506225
1005222
462837
1574389
1832293
339238
681005
1888730
1141156
1178136
660894
1576250
199954
72369
1558512
1165196
154005
435628
355277
1614111
549926
615892
144837
91203
54233
351552
1450851
75015
1790498
1379206
818827
1665374
1655582
1207681
1480099
1091638
1686103
1390729
1688693
785054
254293
381638
1658014
1688557
986943
100436
1109766
941749
213508
1283654
40995
1482119
646318
843528
1032238
352545
1986729
1043405
527133
1162620
1384660
652985
1310214
634707
1144271
488187
1702883
1950240
1060447
750484
1295864
1123570
819128
1919244
1009706
244477
1290616
842932
317494
1985074
708459
1486184
1968830
469135
152690
98171
830297
1371594
552308
1311907
1181399
1792681
1841308
500268
430841
366129
240422
64244
1746091
1920008
597878
245771
296267
346909
1419104
1963574
1409017
812402
577151
1847658
422932
270903
962305
136228
1597743
950065
1099054
800437
1847174
1060738
419438
158926
687714
554715
132440
1453563
1176130
642300
502162
805619
579587
1109635
1351807
1032477
1283911
581184
1382595
1472577
512132
803578
628748
835713
165565
1508508
634836
1274290
969255
1866098
1239060
1142144
1277491
1465753
1574442
1275533
573435
1355370
645252
378081
828211
1473998
1800563
475899
1185024
1482974
1781223
1347397
235856
898327
1121343
866027
1807460
417944
482397
659550
335594
1306681
615778
91346
128972
716239
452567
1464999
283427
1615146
671708
1329036
92168
1140245
279877
157442
1765739
1198679
1450922
1010944
1548915
1641039
1288849
1743429
30737
1732770
1423861
521209
671447
1418807
1980286
1573205
276242
905914
1752517
497843
834749
452680
1380964
133946
1702653
195874
1829418
494192
6467
1273332
1414144
712053
921770
1531142
1622002
1927965
1558058
1124225
698199
721397
154137
1195224
1948206
1774787
1360771
1408596
1281990
339651
1959588
1077675
1755223
231790
1508680
1099641
187222
1777166
812249
847439
537470
1625021
553262
1257590
290487
1197888
1992678
94192
1744060
1823377
1225121
1585290
1484254
1678998
825506
927709
1226910
1801553
1049732
1119369
720954
10506
658832
128505
460225
803387
1342496
1900215
1954155
548604
178460
1835142
962974
449348
1389318
1529699
531997
898894
405310
950203
1041065
1086700
1161431
920798
309217
1362928
303743
928009
1744088
199789
973286
1643822
597801
1111180
1335293
1596224
1875898
14150
1890669
792595
219539
31982
1224668
627988
1448583
1092386
622367
755132
916287
371027
1530456
1689001
1464481
1186971
1746584
1540376
129612
1995887
764491
1010645
620551
1027544
1683423
702827
923908
157437
712166
273635
998718
1477427
872385
1779644
372124
1518215
488525
1729925
1092618
614838
1469113
421871
1675951
517298
146474
1986736
139818
1328187
1133725
1795103
115627
455580
1353638
170230
225519
281283
1113481
65256
1431521
1248548
141226
853118
1947420
376273
453585
1292215
788006
1351847
1761584
158484
840813
1585658
1378740
532301
93327
1796528
1962863
141860
1890513
1381213
1211609
1786475
1030050
1891895
793851
1466097
712797
1242429
192148
1708081
926742
1562461
1551321
1701627
1948177
134148
1250249
800518
1312504
1479955
188742
1580352
1541632
993464
1113793
1785529
497019
1876466
481757
1591437
297305
15482
175840
1447832
1030370
1566796
679375
960492
912431
1875960
1036695
1927721
29640
449341
1063816
1163170
844299
1933289
1883823
1764204
544303
1319710
234876
827015
1728322
1581686
1426829
1373722
576481
1161611
1068032
1920266
1700232
947337
77439
1181252
1926536
542517
1966760
377287
1231422
452825
1274168
241880
1649823
1814159
1659533
17477
1760618
986123
1850425
1268468
1675508
1334906
179204
171447
1262251
129125
1277326
26320
401356
1677670
1581687
120773
434315
426810
725752
1143667
679179
755900
592625
1798353
1308253
793677
199841
1278744
1512836
906004
985447
1120346
1931717
1480358
403448
725005
725036
15941
672793
1378487
553705
828928
284445
1203031
602918
916764
864580
401560
167940
1060403
1620053
1632842
1218574
1265041
1516110
170171
1496265
19454
603232
1484526
1208294
1343042
1784588
1961904
1884129
416240
614479
1581356
308364
431502
1451523
1866776
1116864
258598
665365
1569107
1359090
309458
1644345
95875
313798
1910284
1562276
1381400
631834
488759
1068679
1442006
1107092
1195751
993932
1187844
1362601
1274280
1278323
1767768
978886
90426
72534
532548
570838
1444330
156481
372936
864120
417846
160903
806726
569906
1201336
223505
455347
1409936
31194
367708
361999
1519750
154743
1387819
1569858
1037867
1341937
608533
903842
418029
1953512
829512
1605048
1894661
692546
306682
181547
1680809
1487541
271071
124777
1339648
817412
548669
1520493
915248
1813474
1981852
1528385
1539028
1214615
1924900
1142390
1526912
594566
660192
1779633
1411388
920913
463983
1426280
1132068
601390
1823558
1435539
305077
1293813
1189735
866843
1849294
1598611
1147277
295830
1557568
451074
511541
451591
1411286
685794
1475972
588295
318666
704509
1747575
1542629
493399
1841136
1952871
1972156
1432909
1268946
1714079
1669624
1466206
333003
886088
1214752
559999
883810
453338
48179
1412698
1648317
1507874
703760
1930256
1165139
617351
1174786
1038320
399634
1010504
645305
1399766
1178236
920904
1157455
921664
1549903
450526
207946
1042438
1488141
1858277
1339723
770628
1614209
464090
508068
509955
1532555
653988
1754325
614506
704658
1128620
1676691
321141
522918
1865369
1592866
1015991
1582359
32766
1481010
1708891
1070179
153265
305302
1792993
1946658
958447
713293
151524
1901930
186184
1440467
1310104
561506
614886
1908376
1547624
1199339
1131717
1080206
164614
1075592
507629
806727
438307
1659540
1260709
1986477
540092
1569306
297595
1278795
1414263
1968825
1795167
641581
1603849
854226
962249
909830
1664652
1910919
1228684
1065898
1098772
610601
1307127
808003
425391
575616
950138
996589
667215
1398187
1565994
48455
1328361
1860168
1775685
1883602
1861074
927691
319896
1046396
688689
1171335
7226
450071
146545
877875
432766
812029
336522
1183824
1391897
1766698
1315994
724610
1522224
1660432
1480115
1822677
1525362
823256
388001
1008831
698383
1078477
1612559
1994061
636395
1562564
1856761
1438329
1011493
1367738
184116
222216
1996424
325812
1783497
1643124
1738164
329787
329347
415930
434961
666119
1694712
378660
1009977
477492
920938
993012
1826257
1249349
1986354
1060341
804989
1997130
1448537
1352273
1195539
1720178
1957516
13380
1104767
1164491
404545
780458
600302
1133411
1133695
1900886
551303
978382
429977
1396638
692227
1579219
1511774
435883
426363
479278
1033611
519661
1819940
1029890
904922
75450
1889555
443144
52647
363803
760783
1274664
1573667
279265
160312
1295782
110596
625920
1034500
1478142
1490709
1804885
178875
772850
1892647
576750
1110275
1352808
1954740
1281799
983134
1715832
1461922
1070145
498620
1926057
1727820
207160
1695478
153259
1249888
779555
1910471
1819852
1344560
1562186
964847
1164721
371249
1788342
1816740
1135426
572866
926036
1419580
1276047
442499
1413574
1920257
63328
479065
786517
1517972
1239375
708611
1284602
549177
1817855
811358
859248
1847711
1194229
711760
585247
1323301
1022596
957178
896099
46790
1921801
1751468
260304
1854261
345313
686911
373248
1331897
1851524
640016
825887
378701
798340
1512115
724515
1570434
156585
234134
773539
491748
1661082
1981594
400606
1511649
104843
1851245
1421963
1999574
403589
1370793
816830
518015
1945098
1970881
1352142
985827
842742
1658330
121075
1422310
1757211
550270
1420283
1771243
835872
85147
1509712
940457
988328
1523126
1255549
1440380
1208040
606323
1177328
903836
1860366
19411
1708493
190782
1515830
378119
170780
290819
839352
993374
1985555
828968
95291
1718092
727392
218781
1804711
564504
863409
1654859
1479462
142876
764254
652742
1563671
1541318
1633438
1811788
930917
340529
505074
584767
1395300
864088
931175
1318184
1120384
1348414
541632
1689933
192094
1537894
1961334
1605892
1189622
1039982
1096478
588746
86362
11014
739165
1492390
1188225
1231907
1096610
1305972
1352357
694395
1000715
1645076
167941
1917425
1186810
1480317
976253
1994438
587905
1421179
892358
1787847
64809
1627129
542147
1135544
1846673
1248264
1563574
133672
1829382
1754040
1921518
916110
1424014
82993
1783597
1925658
1706315
640581
27253
159503
384296
1667406
663295
1354055
1641622
229231
1421132
1236915
665667
831815
145380
840572
1142706
1494524
1523398
1067442
1310210
843601
1094211
1767940
1368047
1634682
79331
1564118
1676443
1291212
1087906
916091
1307593
898388
1185236
992066
292851
485951
1146462
1438812
182121
81109
1672789
851966
1996058
590199
651000
1723732
910921
160683
1418552
1883928
222143
96468
732292
813317
1306333
388591
1034331
290796
1882271
270921
1790767
453524
332305
405573
119883
989392
179466
203936
1642509
1805514
795008
1259988
1395748
639261
675930
1133400
385547
49597
532641
511128
53600
748308
1037676
411070
663886
1624591
379082
647469
1958771
1729585
327199
1467734
1398162
1509880
1828044
1610426
1194456
806331
1724303
260051
1938997
1916927
1929168
885344
1564631
1935099
38383
1714354
466928
1854113
977456
400172
816518
621594
320557
819542
1322937
500264
77107
411822
307940
1360578
1684605
1968763
532715
623206
208599
1151797
1307765
1706974
1775029
257325
1454341
983589
1446057
1678184
533635
1449442
1073850
996085
517139
855317
649412
1700168
1849965
2469
409239
903712
1751126
1344111
209594
1235694
602136
1521930
315943
1983591
711466
1098186
633693
786378
911147
1151662
736199
939759
405291
292696
964287
1026866
621262
689069
1705452
1917813
1318466
812307
1635700
1991757
1439936
1672423
470175
1011268
1227846
842774
1925346
1708310
1221032
999612
1943772
970153
1531518
992912
1445106
436434
1004133
208804
379759
1278972
523885
1365958
633704
117850
1460489
1057323
584410
1395979
61991
817255
177283
1902352
884400
526926
836561
433733
571608
117079
1896837
1404455
59889
388578
631413
1254963
85576
141739
1044419
1567924
35405
45963
91541
1308304
1377366
1236108
302143
355541
138946
660747
1882472
663200
1651048
612771
1301712
1984195
1378596
1003988
155053
1832228
41467
595740
1725357
725035
589800
1759594
666117
1886251
1926647
1640107
110961
72898
62290
1709283
522749
661396
1409842
103817
1649250
907661
123839
1682107
365165
1942967
269903
1624035
685589
286946
888394
206208
21786
785218
1654854
204444
1936154
809910
1286204
100504
592286
1074923
1651872
391324
1970553
1045750
309958
151150
331179
1016524
687708
61730
269868
483728
1675667
796515
1323180
610385
346702
1278451
626485
204003
1911297
1938803
1286017
205429
1877020
1055057
1865486
401192
1202657
662650
917759
1299276
1791864
1737206
35784
1421049
647461
379551
1711121
730355
228332
386512
1833105
629129
979466
193635
1918802
1740693
381824
1635642
596940
306703
795373
104088
397892
1550808
248736
1533825
116698
1740467
89908
1113265
1785747
728985
1446559
187290
808068
597044
351117
166135
1094140
750385
1677699
629374
1620895
1599601
1903152
506791
518534
1270788
1756420
1581331
234780
545057
744529
750990
1566771
1810381
333741
1971922
1831897
718102
1834179
1924272
341333
443699
285895
1517549
138589
664087
1158769
1446133
1665365
1041737
1425348
1865057
103399
1356528
1125455
789666
1142537
731185
827263
1511147
719882
1340539
847097
409249
1816312
603144
1274010
951438
1693399
1503346
1619966
1902696
1446143
549517
34519
588607
432664
490004
476814
1209303
1726326
580522
1001564
526641
345290
1997691
1994545
1366590
1815784
1528857
33072
1280858
701446
594432
278979
178268
1208899
216361
904895
1287504
647104
541599
381022
683769
1789647
653192
723313
264705
316969
897809
958134
1895098
533329
1749170
1185176
1073878
1387292
1607115
238481
428735
1708339
321804
1561963
1610348
831005
1518982
1782532
676102
1927571
267274
1172617
173160
605626
1891640
1542799
238520
1924501
1923103
160716
926241
1145740
1601565
1367668
342614
443730
650496
91326
1477535
438968
612485
184795
817613
1130604
1119914
1998761
442567
1207294
1815417
932753
661715
42971
198491
590122
1236536
1387252
1907193
1561518
1913405
232943
752385
75124
1976119
1570483
578199
1371079
1135305
258304
1320872
1753602
1194569
1319534
211154
398012
1515279
606439
189269
1309857
944244
1561159
494643
1023319
1494954
1074602
1689649
866960
1062215
1673721
1214549
1601801
1333201
1319724
153300
1024876
669588
1172991
1850844
171484
1192788
642109
1033990
533838
1695163
806179
1329474
337566
1607833
1149258
1266368
1258326
1729898
98206
537638
1284689
180274
1699174
1993624
1957656
1217782
1862836
1771034
1032568
283190
1902152
390716
1764884
133673
202916
32253
1351422
1920144
787183
903945
1357593
835134
1930127
1046282
1287507
1338348
1417893
1462726
357530
1835841
277551
962102
580935
1343636
1044922
547513
940898
1763168
1986772
1026303
343527
1112852
1193760
1519887
805984
814747
545336
808025
456367
6587
286362
788533
123431
1740472
1408669
1874883
1919639
1659932
744756
1431378
1522814
1054808
1270105
11613
1347306
487261
158424
7241
1922813
829797
1281088
833398
1731979
1721846
258900
1008577
56759
648256
1897375
704863
1678545
69580
534148
872736
216668
1075943
555135
251081
643866
1347437
222712
1222479
1514206
1417459
53331
1239810
148964
1739019
1034267
1842470
1611335
1858441
1839582
1488160
285342
1239535
146262
527520
1375843
1270937
209612
205292
270430
951612
999990
152603
1688496
400996
1097693
712216
1471625
813160
1630939
1599717
242274
1742246
877810
1350428
1905498
1122293
107271
1662998
1963680
1017812
353759
1784965
1010913
700979
1661042
466746
1694929
1241060
1680526
1446347
1637007
106060
1360248
294194
328230
1624500
512231
627079
741881
1576208
1492249
327728
566408
910287
335398
272590
527914
1943665
1719460
1116748
774812
1715348
62692
1614927
1684518
83429
624902
1258829
811059
1043639
829791
973457
1700998
226472
1657640
333556
1096966
461268
270620
1607862
67213
1744314
131617
1744463
401939
73943
1679493
519397
1980995
1612178
72628
1986645
155151
1998871
1559911
1473425
1943145
1967224
1769741
953548
1820558
1300169
1479996
1547703
456515
344356
1056147
913225
1654486
767305
334613
628900
1128584
61095
1864545
400627
1895998
705421
632945
1357413
1667470
852107
680448
1726152
207788
1916092
1452534
297665
1548260
1577633
56302
1658435
925506
1988637
1919533
515734
915938
1128438
827189
1103909
1282340
1655618
1666955
618651
1035008
1635377
688165
965725
1041134
1341573
270000
1042014
1144889
444817
1592290
938585
446236
408166
459051
406956
1439154
1879610
127568
47102
778235
996983
329846
194789
435866
190828
1996339
488289
1504810
1341845
1657281
652853
696697
91092
1358019
1323666
1662824
85344
1437172
402753
1188242
761181
1751940
1046351
1804737
1533907
128974
1801820
831090
897103
1691273
1518652
1592288
79809
1024218
640308
1707952
1806252
1952575
1722732
1432156
170338
1027737
1096920
684105
1169544
983303
1407220
1799446
1476761
526609
760122
314642
312093
407056
928415
515537
897999
595013
447542
1467994
997332
594219
641381
883202
853094
1915165
1513075
276040
648654
871372
1668327
177081
1158960
1819356
1333277
1752940
1050246
683691
1612349
1592407
743600
1464206
1324727
470882
1856336
86145
1946464
932142
1452099
1415254
271649
1470927
254867
1438897
1971857
1839414
29632
1460106
989475
376045
1038979
1636417
1213740
502331
1374465
410419
516330
200285
1160690
1870149
1357298
24654
411631
328773
1864482
1667560
791169
1597893
1705026
1832381
465863
297516
1947770
88124
1817680
566836
1595222
306784
287313
1988808
776701
1890526
625791
123323
777033
1631343
1826416
1849772
1762496
1761306
1608140
1527323
682693
375714
1413481
1357443
662751
1619218
844751
263352
227000
1600228
669899
1601273
928184
811184
971647
1691620
1686901
837263
925233
516446
676453
554771
321941
96382
1427606
671613
1373374
84997
228703
964329
1859680
1400755
1334201
196140
1786156
1855846
558805
1755251
491866
1263546
1162291
1562002
454674
1166042
483980
933402
240900
901297
1011808
1014903
1675897
1331381
1489104
704505
343664
1633354
1250899
45960
1290773
368974
986312
209449
1716273
60280
1930773
1705616
832585
1870337
557232
854786
406766
1321860
959475
824883
420328
71029
1232345
49612
113193
820995
1102489
1200521
1627020
1571362
854550
1359848
1820719
1268089
501880
21622
1830510
882815
395273
265646
288071
377527
492083
1295275
1135349
1466954
1347710
164964
1129976
351462
635237
826508
1407424
1087811
611354
160149
1572412
466171
1661418
1459042
854534
1672843
1160234
301652
1268331
1879857
66203
795721
567746
405749
921623
459843
586769
195996
1238442
1527760
452666
831252
451685
995895
1130794
905162
1848393
1541327
1295270
635543
436142
487804
655176
695451
755876
1062924
962246
61360
620317
46142
886830
734375
954559
631985
1344746
1402948
23235
1829617
552338
1636665
1425187
422969
1534169
129807
1484021
1090823
1725141
1308346
239717
195944
1996360
1637137
1665287
1190384
1835367
94875
1811298
337043
871999
1365916
1799634
861048
150964
103569
1445203
301477
62702
1394603
83688
1966508
158608
1339112
228602
228212
132234
523163
1323422
307381
340908
1110204
1059535
1579026
1355615
1975454
1572152
868195
1113739
1500672
833487
1382821
744940
1603710
1537359
44809
275021
478793
963825
945309
1260155
1910474
157319
762440
1114207
628131
766396
1266832
1237707
1979438
815190
612085
1876846
416061
882746
813070
680551
999870
527021
1539348
1859938
1105266
57636
1144036
12232
246179
1431624
1920417
544738
1880406
739638
364130
376628
956701
1180132
599280
1499820
201169
1191386
1271747
1719613
903209
735165
1554050
1858712
92870
373937
1480873
1082662
789198
277270
503547
718412
61007
1155371
257349
561808
1915980
1187828
1626879
1620438
352590
1473106
1569149
1441795
1401207
1997891
1240973
610177
1752474
1609080
716945
1364348
26532
213637
1432557
1844247
222254
1894472
81078
43259
1181203
16415
1300782
1673237
808155
502683
529719
273747
1558407
413921
1355247
1273577
1196040
218205
402617
1861722
165256
426571
993378
360772
1994839
1287379
1243923
1159720
1432308
1512830
400905
1693541
152721
653784
1779973
984090
329481
236812
1022973
1715025
1893502
883059
558930
957087
1566278
1771203
1870197
204580
1139624
1519940
1565698
568443
350928
1840235
1299037
885905
1061925
248305
1934752
1729598
1712155
1608208
906068
1981522
1613687
811079
1120592
1568686
1152969
585941
111285
466692
1981489
1483416
1157813
1222189
1883502
1822975
425577
1780464
989262
406939
892119
1088356
1682981
1531748
500219
1621925
479145
836506
120405
115224
851943
1216413
1271440
1606194
1744643
1023861
853782
592817
1495797
1426225
1033655
386199
1637920
1898948
6285
240230
778067
1458879
858478
500417
1581082
1156293
406276
980568
1454694
1297635
1761123
820888
1392566
1752852
255222
1774655
1190841
780182
1452058
521233
121040
1829739
459873
1252496
422881
413258
1014979
1873103
334845
1873010
199947
1437053
1702183
1891921
920826
1661113
1634849
1283743
404220
307999
561206
931947
1412342
806852
1146339
575442
57898
1312870
768844
793841
361436
694303
1241255
1494099
862347
1926996
1661041
1396305
1894817
331850
897589
3864
870998
1162689
512882
1463610
1674192
844379
1255260
92974
899296
1342177
1176491
863277
500288
1179350
233540
867419
222759
1305500
1995143
1651181
1504567
475003
1402431
446816
852864
702195
1356258
645811
1665059
1447320
1297654
777190
676083
1834365
659691
1972225
1676644
680540
769489
178325
842570
28140
1823619
75895
323709
738735
91951
304923
697779
1045409
167750
1696572
891763
180878
295145
595190
805436
1872134
32097
6755
915456
755124
780053
963198
284273
27982
1868131
873180
1330804
895809
1946935
339704
119127
742220
990394
369711
1725458
335083
800304
1836643
1818489
1075829
1753450
978222
410566
1942558
58118
1363894
453052
1389648
31702
1715593
1016619
1315786
1644234
587416
405156
838838
1315061
295910
1329883
233576
1243809
40075
648139
813993
263687
1773394
1194798
1778732
1333163
1106509
1575767
970738
1570357
888059
1262458
1714409
948007
1301919
1857310
151134
660923
293264
532484
1145581
1892021
1551025
1683905
1301638
1153396
922524
1527246
1632655
60843
1896650
1661749
263489
317674
584694
1968030
731764
219605
1947109
1495081
1505176
1879451
558238
1351420
785112
1384929
664633
380793
68327
355241
155623
1564764
56235
1053744
1467202
394755
201084
543397
287567
868041
1371342
1613641
1178825
926993
1380629
1277306
990837
79001
1266252
1152453
1791692
596025
970044
1299342
121777
122108
360831
620450
973584
1607907
510248
1588785
1336673
247700
91021
815680
1886065
812319
1611811
243004
878983
294974
423753
1485824
1343920
527001
1874731
330263
1042904
867509
500335
1077467
1968429
924475
1081426
643444
1136080
123153
1698823
1598629
1922479
325470
1388392
170760
346391
934175
1147421
1082173
1815907
288521
642045
869010
411150
647084
364088
308894
593833
724920
1142776
560099
1525849
127944
445926
737776
1152920
622727
369221
1585304
1775154
129355
340190
196912
1578099
522726
12246
383638
1523626
1477403
1339393
375506
714390
140398
1103633
1077579
1464301
179923
206426
1671912
1009467
10668
516414
1979846
1640711
1862507
404426
1183017
1887766
123825
275169
1244550
425605
167748
540169
645217
81376
1298720
170571
983670
1522395
145025
265938
430551
358907
1538150
1192221
288083
1064092
367826
1732332
489035
1112061
567944
1068844
844277
1762503
1643543
1520107
1122743
314093
1088363
1390442
1857277
1737423
1236772
218103
1829400
1948781
1088460
1866
1027063
875693
915417
1847132
1268284
34726
1281707
1742710
904251
1075743
1155125
200227
1659754
1538634
1351441
1441439
384447
1093193
1316249
1519752
685592
431295
1130979
220896
47838
1369286
1258396
1819925
922933
1725208
324274
1950056
1579960
492012
444014
851619
507447
152770
819628
619374
1843945
1497518
1196026
655837
546021
364048
550425
1423131
202889
889502
930427
1983582
92627
1491571
1304135
943889
782111
111135
948891
1274440
1977463
1250636
943219
896756
622987
1538257
1506382
1760990
1263011
1642176
1053206
449358
1446731
879664
357592
18186
89273
37664
274850
522923
1691514
1724179
1336496
681996
1566933
1127535
593429
1282945
1093768
1167731
822225
1753785
1924909
1348780
420238
1854283
189325
70075
824125
883582
1054236
710354
1391295
1815136
673408
721033
760263
244396
1698678
211376
626019
1629227
1532016
323631
1174604
570058
544491
865036
1436508
1985283
1462349
418039
594042
77785
137417
1798447
1319671
1121473
94806
1967571
896775
1471711
661904
1171572
59124
1378081
1816786
1241821
971259
1085431
514470
334438
330205
1306138
971334
1028154
1575059
1246143
1038199
1091932
340707
742064
1968024
293134
1303526
79996
1965237
1438582
1413823
1321688
1029569
1845953
622270
1048609
1018514
1370362
1142608
278774
1823094
1597714
644750
522796
630213
1561922
1852654
1424505
513956
172366
483720
1838404
49768
439123
1962281
809021
1990616
376488
1097630
1646967
683615
905369
1787275
1303276
1665307
1047387
1347912
1582797
1757208
366363
1770647
333406
1085814
433605
911524
175554
921762
1658136
1201764
51864
1098672
568120
1853021
122563
383748
1135952
65108
1239375
1131616
413165
1825321
562875
1157289
1276400
1110835
1011067
1130076
101371
1127906
685984
485283
320713
1253906
634893
1736898
201639
440214
1638177
1904407
1333328
1540781
1665206
752023
1630305
205950
632222
380499
950995
54996
332388
463485
675425
1336674
93889
1785106
1225094
1932524
1953342
212075
1915922
1008863
1105853
1405083
1206251
1183133
1335935
1392374
283104
1479395
285843
1408395
1937426
917122
496932
1931617
1108827
579844
204864
1268462
788047
1532780
1639566
1596748
38140
572485
1794538
730853
1655727
1107591
1978576
245782
1207665
180179
1382818
1768777
901204
1026676
70936
1631608
1632096
1831718
521361
1650497
1357550
1339442
297094
717077
96401
1478591
1546929
902240
1065319
644997
1753456
732046
1703969
1159625
1487120
679139
1887230
807827
405693
1534529
611053
1752435
174101
161517
284774
1312033
1094181
1879776
1778757
1682453
1489625
1229879
162961
484945
1678384
649887
1794912
288963
1824347
732695
916022
1289523
507481
404665
668762
1402592
868325
567238
825675
437820
633717
785613
621156
181346
1425091
489241
370027
264822
1009694
370725
1692824
486100
1595933
1957658
827164
329402
243931
21762
1963480
1067262
1435029
166115
977815
1592728
747258
1924086
1979490
1271519
1968535
19958
1403014
711442
1850340
1951752
1674045
494799
1576416
1742846
511728
306830
1307959
536282
1621356
853611
1376670
1265461
1416696
935416
1435487
611302
78545
1776462
946668
173699
1026128
722254
18320
1249185
654373
953782
196579
1917744
802661
968820
354324
1230733
398423
1938601
14092
956681
553976
1320129
701378
1810074
739642
1636254
102469
425460
343687
435125
1845019
1211026
674871
742166
192788
424138
1963364
1070694
1235727
1321869
1932686
680704
1796638
253955
1168560
797736
1122402
1202434
810941
1752362
1430120
1693870
75506
1266028
57049
288724
791213
599995
1761886
88268
1598818
1027693
1681602
1998865
103567
563256
1158444
136560
200883
1045286
1900387
408210
1997384
1142540
1493373
524865
1325951
1545977
1992296
133822
466552
363669
616239
816415
1906873
1911695
1531182
1912199
615367
1295668
1292320
1369316
1156685
1662635
116400
88793
1708989
1056387
1855915
1223966
1866892
604574
1261891
1159510
1012225
860993
1010991
753226
994256
1507809
1775637
261278
1113337
443168
1759038
979380
1758899
774199
1097096
465606
1576052
769280
319225
153951
1885953
1631522
1535303
752860
307201
969097
1277006
675459
574461
317042
1892859
666658
1633144
604035
1798700
1280489
416605
1770488
1764110
1946206
1531135
989671
1146818
1802894
889038
1408484
1660602
1741577
1819420
1784459
527947
253989
1007517
1246683
1491394
1093566
1301081
840524
526372
640286
1148343
1541643
883752
1138452
1379203
1694339
198036
292337
1893019
56354
778372
1798371
129336
587004
752351
1235995
1325102
1889291
233669
1222189
149525
965064
1561026
1995117
1326796
385490
968766
643459
1981930
1648924
665693
1674419
1187490
982497
163387
175270
169716
148649
1695874
875034
219001
1369168
338925
1815982
1941558
589683
1656586
624214
1758128
269623
1543485
1339663
1329314
753895
684319
80975
39098
1293968
1010984
1266543
1115476
818491
1069520
1373660
170478
3024
1749016
381824
1178833
1302920
112088
1166406
755533
1944026
322724
1907399
1212758
1360365
963352
1131560
182073
862148
1923034
830885
1218083
1434136
220907
247743
635199
1224800
909479
1964621
589471
230292
1652020
1386285
1034047
1058289
564207
1454998
972206
268893
1882164
1342864
1580579
1596679
1278533
730805
703723
133822
1892492
1720935
192741
289829
814736
871957
880440
777638
850325
462764
328138
570033
542261
404354
1807982
517401
1399269
1404527
1992459
504163
754925
1162273
117915
486137
55285
1802144
119001
1104816
1590129
205913
1877531
955351
986903
694043
882608
1424271
555236
529994
1862149
572979
1407875
226350
1320387
89886
85911
802658
387046
664634
1895490
839422
1755286
1223275
347632
669759
385695
1034687
1443109
1012813
1886426
263865
1482481
708649
801362
1036213
1443163
1180029
770533
244936
444939
711145
934883
709453
296306
222526
1419726
364600
1327290
919434
167932
898373
1427873
1842978
1399669
543913
1488823
362353
1562415
1277393
1786029
494209
1221101
380254
1326591
177901
373309
447557
920046
166457
84860
17232
802011
1062041
330600
1386389
286287
1506337
274545
438770
568729
1803900
1194667
959253
193432
1277141
1732932
1383948
860345
236991
226442
953545
1408078
711505
851717
924078
1145412
1002695
176257
1404868
267709
323481
447105
684064
1887004
293463
1697771
801350
1030686
1275309
477213
932057
734045
107428
1427976
540153
1963676
1406697
1243003
28193
609235
1201332
1150698
1217454
1334644
297120
790928
1456618
137738
1675002
1715095
491602
1632925
1871064
1426472
1610940
328245
670932
337497
695532
485954
109929
1832329
1483550
183266
1724575
1434707
1522342
1180329
1102275
1692691
862011
1024774
390538
935239
690201
331488
1864664
1561656
1117445
1372539
837446
1438904
887886
208361
1402173
1583422
746367
1849017
1499407
823533
1292250
1725767
954810
14276
1371314
1280540
1751870
1141959
944054
584855
1839784
624947
60874
1928041
722300
54710
112198
1980358
623137
1587422
252100
748594
1529662
1268838
1813591
1159510
98831
1759273
524287
869166
1889935
297717
387050
1859205
121673
1585749
329626
1603301
269672
772281
1534733
1406264
228274
767124
845060
1703080
1234748
1236047
492171
1115613
1406735
1417724
1692007
618856
730479
486854
1332784
1009338
1584879
1020769
1218609
1928821
355155
1087661
53060
369060
106408
1192917
1053821
163435
1266956
172762
1703064
521352
610150
1803595
1339299
528603
990163
1024603
115019
770493
1146013
490081
120561
423508
1101415
1472726
480951
471626
173264
1407615
1948045
1158568
704580
1316728
648644
1691674
1973155
1839980
1279691
1069631
449011
443216
161686
1775408
780702
929756
1668868
1299731
415314
339568
1858222
1806696
1714177
1231656
213418
1824108
1195827
374551
1530456
947107
1859749
1695200
717518
725859
695829
1933035
452285
138624
298535
310723
89996
744990
846560
905743
798232
362481
1887591
1998634
124391
1005500
149100
988257
1760144
407697
892471
1911984
1097460
921247
1731557
1504458
1262813
406985
1196674
703554
1865882
1996194
1797612
615304
120581
198195
1582795
1799598
1764783
828506
1100965
931965
1364418
1966225
674591
1983312
671672
471536
1791247
1167457
1000345
1752816
314589
219879
896012
1270106
837493
488828
1642708
146030
765898
435816
857399
419409
487249
370614
1590472
617132
1402926
1752334
268394
1707643
1292530
267370
151243
416564
663379
1977875
649415
291017
1273781
73060
1779664
899389
1350533
322455
582264
74567
1455546
1579201
867504
1322616
1922699
631338
1741469
748247
498233
404403
1443826
1108118
1419253
810245
199212
1178851
1253535
1810744
612900
395833
52725
358474
602156
1716842
586960
428394
581137
198592
1589323
1554849
711246
1749541
259917
189519
1163591
1388099
855808
1919203
30807
595364
226636
142573
864109
553902
1690087
753377
311830
1527636
1496599
1192003
491099
410488
1612327
1976859
561495
1913310
1476664
1500425
510069
603405
139261
1426668
1482919
1657550
918003
1595066
1692496
1742335
1932297
1895864
585887
1045618
1602975
1902768
1799512
361918
665683
1894025
1571144
1879937
529651
1508541
567630
936701
1868357
537274
859057
1407127
1466408
1035749
119390
1912266
379975
908983
437926
780749
745364
1956234
1022771
1915272
1870313
1888524
1905203
1246181
1744848
6202
814915
252984
769212
620469
82145
1090756
716941
46977
42245
646141
833941
1326251
1235968
1678
1501582
585301
1760158
220006
1335020
1871167
676820
1923847
467631
1052958
545667
1883577
1038529
86714
1021846
1353993
1178589
966716
1508026
1575798
97794
915038
1092438
1099936
471307
1986748
327345
503270
997941
1688003
526548
292462
493216
175722
131841
665670
322755
502250
711055
678630
1457340
1589569
1672400
1978364
1033039
987816
1939423
9353
1130178
210154
1325016
635895
200390
1952076
1405445
648291
1121929
1383604
516497
802225
1574065
1213834
110317
363940
800144
458614
985752
417249
1103255
431163
1341685
817068
1374114
1466877
937073
74101
825388
509527
1178496
1109917
1384484
1326032
716378
1674663
560127
1572764
1824599
1568780
257884
1720495
1069406
1290748
1093279
1224593
1094170
1545008
1716473
1647564
168896
300771
689764
1946112
1276469
68412
1361830
640020
1024501
730724
56690
1102916
1635585
265853
502869
1013362
1320108
1587983
1430112
911175
1054886
1672828
1233702
1343738
1636027
324816
144648
1772642
781307
170499
168545
65536
741377
1163785
257699
799972
1205795
1098903
1754513
1861201
578466
1532873
420808
61618
512267
438304
876779
711389
1387168
1212576
1707813
1226301
184479
1660996
1368494
703475
1840638
1309923
190747
874292
1603603
778972
153255
458973
15576
1730422
966176
444584
917754
1955010
1475398
618140
180390
1768263
1117214
1407770
1475842
1957449
731697
187904
1920468
756148
380385
285559
399397
1404276
585486
1010302
1211142
384560
1190036
1567934
132117
892108
1853477
1329099
1422624
645559
1658113
1547181
704942
1781035
960521
1034871
777747
1422339
70660
1328968
463918
1879129
663234
592022
732197
1690115
109930
30234
98123
1684185
280596
801825
218782
1361826
1056285
1960703
199284
1089273
1676584
634657
912969
1018941
1957990
1058682
746233
743225
673520
411848
1097355
1048997
1659897
1127212
1320259
844701
1845962
876037
1784239
74702
1856575
440738
1571100
1613724
149830
900764
533529
712056
1303765
143214
1057719
981851
67359
652965
1047461
1759676
1398065
562072
716542
1576740
340461
157788
508914
939954
725405
1018001
998714
1110971
299142
548418
8991
1886911
1917308
532207
1250516
1254202
209127
275687
1219619
1586198
548758
1041229
1130446
985217
1131872
331086
1975504
372047
1382220
88484
1327890
1348256
539094
577557
834324
1805206
167493
556220
96628
1046810
91505
1483816
8731
1840477
35166
474759
1373767
716194
1175659
1814346
154759
1253045
1023796
1729545
1474420
1011214
1256486
606432
1898220
1202931
1757587
1151314
973640
1766398
1787952
244638
846418
329563
1649871
7807
962787
1361222
1988633
579195
494462
1321531
181621
1918340
729594
687037
733538
1286397
831152
1864041
846829
153021
1776890
1187591
1507959
1959958
656826
1268889
104738
1531721
883611
904015
967936
1460959
832297
1676189
596728
1294952
1052907
393160
1137979
693875
1071393
1124690
155274
1606922
411165
653037
1729244
1891034
1335276
660012
1208145
798969
1076933
1166908
212243
1919888
1323178
640482
1981793
1138748
1376703
734329
1257220
1325308
567325
625247
574513
1381966
613889
1643371
1237506
1006324
700162
1596747
478720
195302
530628
1544714
159926
940077
257970
248253
1282934
428586
1172519
1959661
1585243
914376
1431856
1517842
4019
173281
1751838
1574468
641617
597376
978682
422828
486250
1241392
200263
1879895
1491763
551981
1404133
157637
1735274
1438871
1155563
1675040
157545
1568994
929569
297978
359917
417729
1183065
742382
1238137
1409142
1525628
668340
391354
394741
472039
16037
1388679
1453633
1099531
662596
1174882
1335505
1197319
474295
1423339
1958310
1243122
1851133
247425
1331035
723485
1873044
1355915
1496230
564534
468105
436687
1296948
818028
1843374
319799
801553
1744197
899043
302981
1471470
968583
500285
1529006
1902653
1787023
1394189
1264634
438854
1318142
309519
726565
1975264
1195690
1056228
39031
1550165
1414289
701513
1267752
467634
288967
540023
1082300
1496580
163035
1156272
1557199
739244
797815
1701744
1790991
386762
1649793
1364480
1023372
1473920
1344189
84322
227669
1437696
842180
1279360
490485
1169728
1794478
100064
5972
1461281
1418221
1604189
1633308
1679248
1295421
1174739
149000
667090
1969674
1320692
435708
1986414
978915
734581
580778
1139495
463060
537698
1396965
1419440
793007
709830
963042
1873824
466781
1335936
108194
1755458
1029761
1776944
1289283
1752927
366165
738991
1566502
489325
1763221
1412091
984263
93398
432786
558819
1753578
1369751
185624
468485
1996169
737618
1079771
322461
31372
599414
559848
1069001
1992904
1374962
1634349
1569033
1872302
259145
1416198
519886
97899
42233
1206870
987374
1574272
1672058
299021
1014162
541176
906838
1984080
1000246
1739901
551971
321250
1348448
1219586
1112118
803315
405941
565960
1798377
1861994
1468849
181893
1476981
1944816
10144
954857
499938
639541
1463885
1420700
740674
1806003
585197
465190
1861916
1341072
1370419
627677
1722402
568849
1346096
1812700
1737811
80276
1212306
1785492
1393470
1732672
414073
1244419
459478
950706
1300225
419840
499863
1957829
1579792
138997
1865200
70971
1517985
139732
758538
686589
1103808
1600962
1110685
633944
507014
1574406
374612
1661495
847826
1432322
1380458
85147
435755
482526
1721325
1112623
276684
79381
791095
929532
1885269
50413
383056
953338
451075
647990
700179
1259466
1788885
1837079
1354224
692265
160786
1098093
1364175
1562577
1610041
421154
1791195
1379683
130852
737339
99104
1664337
1803919
767122
1447560
1466346
1909650
861128
1982105
398125
511534
946696
1268419
1417184
1199869
1593435
1719023
237485
746873
1865284
1332792
1771385
63375
1097075
1169742
1173832
1639721
1315706
490790
1744809
1556797
1684854
717711
79899
1943076
501353
1888874
8073
1865829
1031899
1224556
563967
1212775
1267996
1578338
347417
1333634
403159
1415223
1634271
185486
461033
1361997
932304
533150
1052852
1753240
401131
543025
1605316
1465024
516788
1744882
514969
262586
44229
523416
973954
31035
682500
81645
1082925
1686927
1043962
1684379
1277343
661897
194275
858444
1788377
1950194
468950
905169
1379968
214586
95290
1461365
493676
246971
895993
1911309
1715243
1042633
1680739
679922
486085
298375
1783513
1792018
529557
2309
1264593
1406933
1458981
1087842
184120
1902654
1919008
446940
1814648
624235
70418
1632655
267075
915014
1062777
232034
1065812
1105076
211386
960297
1351319
1410488
1183523
1651236
354446
1613070
1655195
292657
1736174
1975956
399458
576725
211884
418844
1149056
1548284
515460
1126264
1319286
1729420
1211319
860569
1714729
1533480
527051
1689655
1954592
1248935
747002
914417
1589814
811651
609028
1905696
1931708
1334861
1226863
314322
1754065
423070
1043955
101608
1532868
651970
77820
1247066
776531
676740
460740
1027253
257218
977966
178365
1328750
1088950
1346109
1380530
629625
1401752
1445235
869722
1202398
102065
1278790
1409332
1071279
1082243
585833
309654
1656772
481203
489462
1805300
121342
212006
1815206
1156569
118781
1241456
1868297
1343743
289479
1053518
291319
1871915
1889716
579346
1062978
926836
956692
560256
270289
970569
81186
1145584
1376043
927390
250708
1336562
1201125
768636
330934
72536
817090
702490
1469973
828634
96422
191981
398820
1910305
1050908
1968194
535701
32536
1972064
76227
702142
1359955
850010
139140
1748957
1624070
1627281
143675
957457
1892172
964738
1450513
1609832
1436896
141626
16315
560454
1561854
1304819
1037112
425753
1154292
304761
1830846
1186259
1881816
1128993
503119
319936
563726
1072886
1129776
334035
1980769
1699334
1033977
559438
1787774
1704955
1810497
1670759
120432
718561
550885
1245169
1445117
828031
1242219
1294526
1131906
1639870
191412
195876
1285270
109820
1480829
1122814
1216869
1970834
1149060
387016
9601
399787
357542
526988
1182809
1136661
1579863
1471563
1418672
1591486
1486329
593858
217168
738018
1893178
238819
1956706
1934879
639732
333886
1197116
1592099
743562
43190
1159508
156658
1952610
549251
201909
500507
1054662
668042
1623245
354989
88432
1860694
157096
293533
1076528
1286873
1810663
270353
1941591
307020
253309
1896446
1971175
41206
1600905
1601226
1950666
1174524
302330
1976875
704367
1778259
1058694
1980470
845432
1509735
1918122
651879
689920
603101
1868230
801346
1509000
1676270
671324
1020885
1500007
263562
1086397
427972
156799
908318
126991
1556087
1138956
140253
1035665
944622
1590640
1455330
732848
1487763
1858703
161294
999868
209353
1550236
347509
1707379
1516549
673752
771711
1269119
1477990
1386771
856018
1090395
363810
1593455
1664401
1479092
1736961
365878
1159775
706603
355252
857085
1694537
1618468
356398
766587
1443932
1678962
1985906
578516
356615
352268
1715621
701501
85509
184717
1612549
654538
1407087
1017377
577640
1073940
421191
200334
1757410
1854814
1755978
1373763
1337954
1379480
1180662
560597
1990818
1822201
83291
1872442
1431094
332121
125042
1590325
283735
1881149
1239780
450725
1283088
1215844
1810480
985522
1636564
1363767
366062
117730
469715
1331267
208973
1259140
297751
1641887
499670
1488951
1865221
464079
180600
1908051
1737171
1210003
861629
1033885
1713025
1531395
1093605
141503
459737
1679689
356696
1407172
1426862
1106095
876990
1112559
1203787
776847
1727861
138346
1489922
1127979
1257676
1481743
1416471
409603
1611986
254878
1868204
984229
739104
853354
532066
1801652
163303
1016859
1374654
1844747
57353
81899
1850664
229588
810020
1935979
1501986
1299626
1531413
1175590
1650572
1906753
1940966
471524
977490
730109
561511
912805
1445617
225207
362377
1287502
1502625
1888206
916364
348606
1226507
1765148
849179
633333
1888437
1485163
615215
821574
1692455
756711
1101282
143078
331744
576718
1153905
1925118
1806050
863286
556283
298393
889037
727060
1079133
43422
849796
368832
72420
489020
587626
108063
1640106
909056
524919
1748030
1364775
326940
939351
38696
1583209
1866825
809662
1856130
464876
1306338
596026
1660857
1000541
830334
163616
1024830
311162
842874
1518166
975592
1307219
76118
1174175
1918464
288409
1184129
1993172
1871183
80722
1907066
1845131
1713574
1978674
913698
345664
1671380
208647
1071180
1176346
1575923
1154713
696059
309849
1846236
1619849
1559643
39469
1786540
1067306
1679236
1637434
116620
1867931
1908217
916207
1460682
285298
721545
856741
1235888
1129189
1129014
359080
1479500
1475012
1229721
1394319
760916
265047
1116270
1082330
969631
1379436
790839
1755947
1834002
1504950
1105814
1952043
1139908
182065
1977969
552413
167812
890295
1148203
52316
1163121
1023736
585380
339881
304146
1862916
966015
1869899
1681140
892916
1629399
412530
1146609
277975
1442661
1385232
1134830
44945
1984156
1061056
604769
726243
541866
845545
1538216
794613
1121894
601981
53360
1405175
1538993
1116145
965586
1161203
1613129
1080423
427024
801105
436967
1835769
1888466
128762
858506
797506
1571797
445956
895123
22803
453905
887757
1045871
267917
176924
1911399
1204324
1184459
150324
1720206
1022603
1017943
492265
1912338
1631666
453945
488510
1460170
1776919
1251855
6575
131055
345404
1625829
111699
122251
606751
1655633
1552189
1894903
353041
1521302
1752715
1322845
335091
1191644
344258
642769
1300599
961598
899924
1712214
653509
145973
135036
973482
1995312
1297974
1799727
963190
1621288
18379
692160
1763210
1409982
911738
521623
672744
1874836
584176
1729103
859391
968240
111386
170222
330765
242960
1212866
594586
601093
328263
1246267
1490583
1959624
1387085
149068
1829714
998967
1728159
736339
1459202
1824173
152583
1057435
1293954
6101
632028
1787905
1499745
320598
378280
1307796
354654
1979237
463056
1558977
1500126
1691405
1440232
712448
210938
733409
781388
1094794
180049
1133459
589329
1022010
325375
1212321
1331363
1641988
1236372
1404934
436580
1998284
1796993
1390931
1292739
1765527
1780971
1576475
922458
578602
589911
153907
928397
1845047
673558
529473
1032502
17702
65121
1806740
1067192
258361
104109
316770
1308234
713688
592047
1880410
442801
907734
71739
1945685
1607682
770287
991587
1773225
416040
845938
108301
960693
1509066
804210
1246323
1359132
58871
937371
1427745
1897763
1301792
1082834
1128824
661494
1060555
1039675
1298663
408171
1867338
857313
1835176
505089
1605170
1483251
1865214
392484
1222249
10384
764571
1710547
417634
25675
89023
1046568
1495163
1796405
1480239
1094231
966109
929080
1484242
440537
1381977
709783
409322
1982254
514278
273705
886267
1893679
1631225
967879
1476813
18243
1172540
1720613
1273382
390436
1283998
873012
112592
1684338
1625978
227119
1748610
1232987
230815
655967
1044414
303810
1187165
53332
1613672
331729
1869318
1884607
1305446
418946
1454960
347233
1173520
641556
1420948
1697721
813507
392839
1594498
453475
1439921
1283383
384641
679499
1739034
745879
1701626
373385
1258524
196269
1853267
345129
1020547
180578
716985
791323
1628947
387243
898476
1858581
949017
706614
374226
1599722
609998
846216
536266
304943
298031
1775138
1998599
1105903
1171200
1089265
90108
1438879
1910575
326367
1111691
1076106
1793499
1304087
1352073
389001
1136595
1051686
629152
1868344
197889
125010
832182
658357
1021274
1844061
845476
1659538
1351160
1187013
399178
1546522
1857094
1459796
132976
45952
1999591
300410
920374
196397
1004320
1422569
556491
1454914
357663
362593
1007790
1840776
1234652
584511
1291389
881279
1328406
799106
402352
1094301
375893
547129
1653702
1453384
1114599
185528
1712417
1439818
1992809
174324
508062
1785289
571504
236644
421475
694539
157909
1616030
1897478
1966316
800338
584976
1277502
186911
1621720
197982
982649
131216
6602
1034545
851328
194051
1636080
1148193
1774834
1659147
1212238
415747
985486
1741460
808655
1236337
197489
1369827
1668422
279090
290807
472196
1270685
1866222
160982
1177911
781857
778287
383648
1640508
977810
1807152
1413047
861347
1633746
320617
312924
1864554
959628
572905
445603
980400
807905
1345068
1875385
1978710
1026644
1768191
461510
1994123
927801
476659
1170035
1012515
1954528
1173063
332233
918232
1100218
1882123
1421297
1705514
1757001
360070
1130257
830216
574717
1620509
538160
4665
931752
322582
1316412
1479827
320797
159563
309040
975003
472473
801077
84327
1125056
73044
1440556
849951
65955
605100
61190
861269
1106180
67912
1455878
456632
1635671
1581689
1153506
82031
585212
774248
1481119
1173393
934247
1904577
423753
436597
1580507
541207
1980470
942055
1575661
1400397
792008
940835
1991172
1287757
1708716
398456
138543
449330
220772
1159321
1658514
1748030
1276523
414150
350442
1957129
1021210
217034
504982
1027553
914757
1680432
376119
1712205
1734264
1494976
1495611
281032
802500
1039811
718157
275781
643795
136016
1610664
39831
405969
1271018
1452301
920835
63776
943325
1670338
707728
1233677
791412
1155528
996492
1641039
802700
1032412
982632
1517744
1870736
465339
115328
1727086
1448141
1861157
1495535
1074356
1554445
957151
396338
17068
150908
964886
269964
1459259
1448740
667944
1550773
1783383
1656224
1516509
994857
1985438
1913355
1753749
1955632
764461
1534873
1228468
1792046
1786202
1338089
455930
670777
213442
1584704
1860551
1832599
1761475
1681247
757928
338772
1751249
1410119
1011743
524828
800846
272842
1772629
801205
1668445
1221877
1894475
1102911
1978657
440727
1682121
1237829
849518
1474407
1421330
608186
871620
1711870
1695989
1141251
366755
351329
724467
1083181
202562
653576
170213
1397044
1822789
458864
1619728
1709012
1686385
1281697
1947109
728158
1013346
1542638
1623152
982789
1778475
1281594
1579329
674481
670396
984890
789368
566933
1027750
585733
597857
293881
165214
445524
97070
1629339
1116711
317504
1072279
1392203
714427
325124
530028
1952312
766022
369359
348328
702953
1557997
1118202
763948
1318427
1912253
1503782
29605
542608
1805644
41776
74737
43609
443888
1931270
1462011
873530
1415769
1870086
510004
1387722
1530040
1614489
181742
638170
342843
492024
1331416
1585124
362585
1795848
188570
1448306
407100
1977302
1042543
1274783
500308
929348
1779856
479393
895450
232578
1657885
1580382
6682
1148342
88277
1388092
957346
1171165
1626518
1963425
868666
922634
1447889
743857
245013
1236506
376543
949202
1352407
659254
75942
592683
137563
1679256
1453065
1616741
1604647
1019578
1085692
1155642
201256
1870110
583155
475969
780829
772138
1348138
1201383
1580334
1829586
1195038
463643
1342903
105816
1713420
304995
989576
503223
1991106
1323997
332346
1732515
162398
221944
986320
11645
1820169
1006416
1225959
1155802
619793
2042
422286
711856
588110
532932
1425565
329972
330892
210432
784971
1854655
1973520
1225196
1322474
404465
1732902
251937
1652499
555488
553163
3600
788817
1363189
1409949
1119204
577822
18716
1322759
1416437
1112225
287584
317421
834303
1620262
809800
898500
9800
1134077
1056304
1117327
490584
1299711
1765669
1708910
950654
514977
1765210
542781
1634807
1830442
1923037
85596
215937
595306
810886
703519
278224
273725
293067
1857626
1565623
48432
1797924
400942
1433163
341465
893799
1271062
1900715
1872869
916928
642084
1928514
150620
997619
707522
915537
1484947
596748
1336272
1718987
1550099
818707
598915
1411324
426739
261179
881492
753158
28302
29951
1158408
943925
311712
1927565
1995453
1667917
1238194
1089562
1110743
401617
449312
1716333
1842532
880786
737184
1615351
1045618
852527
1471806
937584
999358
1928588
178538
827565
667361
829171
468500
721595
1291640
302436
1870638
1697885
873619
1291699
1815982
986110
376238
163359
455220
515639
1411451
765544
450493
1219053
1456483
1660251
50621
1690525
1804209
527656
273577
1451324
1454893
500240
1374737
203172
1461242
1462634
837561
1608413
1198173
1859296
424065
398144
1598868
626491
1064979
1834096
1466022
1076675
1010153
1138334
234082
910537
933934
1930582
1594070
617425
309884
461645
218008
657950
1120399
1562572
583056
953664
116747
1243504
468100
1454556
49706
1924120
1710683
217067
664810
233799
1306317
298921
661919
838570
1318237
547839
1239365
197289
1895493
1223876
1560645
358072
1816516
47869
1352173
1249750
1210398
855146
1764196
1689406
287677
36130
715187
1898537
479038
459892
563476
1897166
78181
356241
779716
342631
1049745
2919
564400
565840
735387
1172807
1735428
1783648
1782003
1842552
320635
588486
864788
1953079
1515779
1045241
1251615
1535614
1632208
812414
736138
379320
48533
1655747
1463059
671992
1140994
1586567
956338
43154
1818793
778939
1593649
1202595
623170
118968
1295850
543049
1252775
1914857
354473
462697
297766
1890213
1064736
1031108
1601270
1630631
1998819
1184584
1569048
745450
1354543
177518
498949
1673878
1674731
1099910
1484649
1766965
1795840
1669463
1968754
957827
1357942
1631334
1580063
1146779
1973169
1065448
1445546
1721135
856777
381310
1152033
775270
1394305
981338
417795
1718925
1782656
1576876
473015
761869
387813
935986
1609208
473583
1139840
1051900
1532985
661709
1981698
313359
1848604
153653
937506
1534986
1152064
1518938
187173
1942824
1316612
130931
566185
1916136
1855034
1993240
1615994
585643
864114
1594261
604409
786958
1745611
1145008
385366
454652
1540755
1918269
1526879
1811102
1587099
1293866
1974789
1089371
1288631
451883
1902642
1126468
972690
231140
1458684
1523650
1822951
1346975
1204094
480663
19997
55931
1105278
1225588
1136084
84909
1953597
1184018
1114099
1842755
120791
1066208
1822732
1404067
828607
1124479
1776158
1473910
699933
835805
806750
864869
1919902
1298094
346569
1993462
1963093
4285
1960955
1553045
1627130
576627
1164488
1697337
1011664
1157761
1064248
619290
541922
533562
1409291
869088
1095769
11958
624273
92227
1650768
913850
1920098
1911735
96828
1572484
488183
899787
1998216
700496
1672960
1544322
801702
644260
1557382
1537640
1890728
1906764
1775255
1730073
169453
943678
706247
1549965
370838
1497263
427429
1111040
1148058
1178272
1469485
407503
362774
589840
1422885
365131
1456003
773863
507832
1123028
1829735
1898960
1765766
478109
180137
595346
1487853
192530
776606
430566
1952414
367102
1022568
308751
1663938
453136
234580
75956
1901642
1124287
1432172
1771964
1682763
1355696
1765194
1796907
1248567
1658168
1580680
1829222
807266
323111
1478332
1550276
1341246
1589970
1448303
901624
665532
1035579
284604
1573573
1764884
1345236
1874302
1915812
1589107
980494
1783558
1789360
944049
290479
218742
61384
711957
534136
623728
1588745
1992672
217443
1770260
1728682
722257
445857
694072
1218882
907847
1373239
1103793
1004117
1269810
1831115
724161
124955
1360453
724046
1298954
1060837
182543
217594
1060400
269239
1927714
1677966
1870683
375490
1618157
1153463
1438121
584633
473249
513559
927476
729624
1255701
62491
706163
86075
907113
1593158
314443
1261850
1632731
1213169
624873
1088066
320295
1618861
601080
859414
1538561
1253857
601663
1108018
305551
1360108
1722907
1103866
425941
1888339
1564192
335512
1767296
1659742
675855
1869083
606997
78668
1337472
468221
98598
1991863
1987906
1570767
391892
970757
1397413
849469
521593
648919
1144425
1076644
386267
907284
1307952
617472
1161013
719662
1858705
684609
164135
1876543
1443634
254988
6865
688031
1632144
1361803
1737818
484789
1890892
526663
1621649
324319
1459873
982604
696515
1412584
469358
637734
1184623
56068
875914
656876
870435
719727
1633658
962078
628529
1690508
1539171
997903
1257842
1877011
1677527
1175780
605318
1913477
1266070
15699
1233659
1937011
405419
1303689
622688
1433984
714958
1983908
1475912
1640916
796459
969505
635506
145712
803888
624994
1014808
1300117
1715740
1441634
959054
1376115
1708514
1729443
1194357
1067757
521677
980325
1978108
359989
179592
1588353
631305
1363750
1306897
200941
184479
1791026
859792
1725856
931243
764863
906464
1897219
1897633
1782742
856993
1539421
659458
335103
1313469
1543313
901198
496440
408352
6665
467808
1181463
128275
83241
1883717
1817085
930777
987475
447745
1548159
987018
685678
1726576
496870
1366804
1621706
471638
1726833
1777764
1335643
1075195
746164
447958
691818
428557
23890
1594286
1135871
1684854
48715
369453
854434
461530
1414192
1954480
431074
1240515
564717
1641064
1213504
1474489
429217
573098
862544
1422021
1256320
330110
642924
975353
468601
1951010
1309738
955138
1040036
1774208
775005
376696
1057708
1137693
512774
716000
1964308
818744
137952
521100
1170173
1625109
881134
196771
377904
1082683
1711789
1075104
742732
1879994
90100
1653736
289046
368267
26666
432487
1774636
1121978
1917289
1324439
58193
1637734
5352
1693364
1334131
1036037
1428725
318922
1714385
1943898
163072
1164604
196100
1702140
927527
1003559
381139
1790875
796207
1862028
1657391
489571
1446453
1941423
1428303
1289695
1141897
1300742
243677
1074954
626231
11143
1258565
1149126
1301806
318798
390360
976494
551793
1242056
1950898
1379320
1808944
189078
421013
1168222
1017335
289580
62301
1894998
143166
1867317
1485933
317618
343452
221798
763097
559527
1710049
1738099
1020356
1557554
1094974
580859
473351
92613
1128250
155515
546530
45485
1527080
1879599
1534717
718256
1836263
1409277
751044
749982
1472607
1721816
608627
1392762
1594093
1463940
843217
118886
459643
1941851
1373529
834729
1738635
1962753
88949
1444082
1355142
1313839
549189
1200378
814198
280248
1931134
344320
343424
973452
1668468
1517396
920382
645148
1760043
1435825
973293
720166
436822
269306
864146
5159
1468214
507491
1481145
198852
274757
1804977
1438899
783369
868715
508264
1252337
535302
965514
1460119
1705437
897441
1997300
620279
638105
1580485
218486
1102156
1864927
938256
235729
473646
1571698
456405
895609
867471
1536923
648633
1215017
1866078
1957333
1013951
853380
1448581
1292289
826166
711933
381824
1664475
292350
1604513
1344044
1429072
1606906
1247928
44650
1395552
1490381
255290
1639150
1980839
1047949
1761087
1081501
1260912
906685
1414122
321487
353478
142144
690024
160807
24793
754031
1395576
1680284
1243191
473885
141810
296761
198617
1612646
796168
423313
1534147
58117
1204373
1415255
4119
720676
1067215
1749582
1706245
1905584
493655
122499
1382133
761310
184086
1098464
1074215
411782
1968157
1771806
491738
975468
1587727
1368562
1846137
1389963
1306493
1659348
844805
28908
1503991
629473
1189401
107083
1979538
358825
569810
1867000
201228
1762237
1196470
1585140
1297395
141098
1263522
456603
1448535
1964599
53946
858800
115797
1546146
442761
491005
114419
1733514
214282
554671
42934
1009038
1946283
993795
373204
615716
472929
1836437
773524
1234346
313144
489311
696999
967205
1210378
1531762
1563308
1336181
1957470
1810192
1712181
835293
750626
1033257
574855
242143
1965945
1059867
18640
830822
624754
870037
1424431
1373418
267144
952809
249737
829630
1636526
672976
1360237
318251
950294
94110
332529
1972754
349919
487476
405755
439809
1975718
848720
1566298
1373563
1059773
480686
1026442
1875561
258318
663591
1777767
1515061
727556
1097437
1996732
815670
1197164
418820
334646
441693
109368
163739
1748487
474606
625669
64873
1878400
628106
1555287
1775286
855400
719810
378651
457603
605422
858367
1399134
780214
1928424
1197662
133722
1797625
1447811
1032670
404093
920074
1115463
190449
1692873
1731717
1250852
1825129
1362486
1749350
498222
1214746
979182
1451513
1658758
492259
759127
1104609
1954197
1638366
1957850
1314596
1551417
1691060
1327772
1046089
1331689
410651
556464
1120045
55564
908745
758906
292685
249764
156898
608807
1509298
54148
444001
1183980
1554385
1129381
788102
1796545
1469045
1959845
1681727
1602086
1351307
965373
1288192
1566081
268976
1528879
1611440
1891601
218606
1030498
734301
1855543
1272349
1068198
225981
404402
1552999
1507212
1692767
1082782
1211683
702493
253073
497859
1001723
1977313
1148272
1891339
943881
1760647
1368996
103970
1383373
106454
78994
1876669
1019541
1691964
1677576
174837
478013
609819
1935206
1543219
638430
1529013
868252
1388526
910464
814096
1637573
1778297
1423937
418964
1328575
1323727
670880
743183
991116
351752
681529
570380
871635
1268893
847953
1047957
1238220
502141
988004
494011
1383806
1141361
18801
1533446
381079
9880
542912
323082
1495155
1990171
497121
1813074
621520
1945600
1292178
376073
1966699
328065
131675
468044
212978
175738
301620
412434
661301
108357
1527997
291664
1749682
99703
1280987
212570
1149784
1838457
975787
999750
1301991
1142135
1568600
1459425
895590
118466
1213590
918630
1293904
1434906
814851
713450
1019133
1943113
138831
460970
628459
1617179
1731297
1857287
1983290
638104
233396
1211856
1413432
168675
997267
359963
421491
1362673
849812
610020
930232
1436905
1825937
1525191
1635391
1421077
524512
333825
969871
1283262
347216
1011640
1929897
215482
1560496
968811
108854
1592953
488650
1292371
1411069
1880966
1860471
85265
609666
109000
433579
1522204
1106301
1539221
1310941
412989
1902443
1352281
176168
888961
817550
1072570
430245
1705501
771624
322439
1568287
1127800
1857175
679481
1154702
349401
421472
140175
1596248
459156
1301829
1143264
728714
1469162
1969220
391736
777618
1193205
1485602
1073684
1713061
1802896
745372
1460954
1828722
1019107
1188952
832211
943986
1549200
1801247
1574287
1844705
115503
180113
191211
974625
842097
503169
418992
395410
44282
1929456
834773
449335
1619376
1227167
240847
1328373
579637
816340
377011
1199756
410760
1191310
374665
1888961
114232
393300
1429170
140120
1720058
921061
1417596
1843322
439109
1800566
1920730
274300
658570
557251
1677782
479835
1071646
152552
173499
303943
1112761
1100994
230276
61127
674315
865510
999761
376999
1461194
1648065
628078
1876871
1540630
1976081
1953481
1919777
644618
1809850
1566717
1837550
480258
518977
272898
1693087
604078
933257
131035
892813
1255614
981558
709950
839440
1843414
1635247
746302
780214
41287
937478
1232019
1122935
1215471
136250
453454
541952
117664
896474
778360
784586
493235
915818
614905
958152
704176
638423
1422058
723913
1710607
1655962
1199200
1172439
775140
1011459
431739
1650148
766950
1250418
523061
1893189
1040259
1823725
122641
891218
1704959
1948150
1270288
1875303
751990
628874
488452
244664
6052
878234
1683416
1147611
298296
451024
1703437
1931788
743262
736838
1313258
45268
723679
1998483
926432
601399
1521771
563419
437452
921801
1937904
425190
1231653
1877089
315462
1467663
1582198
739976
1021881
1630823
973393
132436
1621275
838399
1637790
91747
873904
1982556
67223
1099068
1744579
619046
795013
1482259
670136
1554728
92893
891201
972285
1812875
1375615
910824
866845
1881683
111794
1236883
1809175
286177
932544
354128
54959
1983860
65680
1644650
1866708
284365
236653
573424
358337
314466
22481
1065378
114924
427704
1028614
310374
920508
1806119
1565692
607122
1968898
1769929
324678
543121
269866
1136009
1565019
1078438
410150
1170684
268466
1837782
1622126
1899130
1498010
162390
1965150
943251
1737830
469481
1958579
1261609
283058
1013559
1649331
347969
52083
372507
1293215
892206
1291628
99501
412715
1003433
1267460
352700
986328
1973273
1045068
1322905
1466100
244103
990605
1162017
138182
1785677
1987831
23230
1582020
1809241
974706
1278387
96135
1213701
269859
1777877
1556316
958246
806043
1576790
1370101
698484
1207993
628935
913850
1054029
1458805
1409334
1872947
620693
1068274
1006935
1614132
813877
1696408
1528556
180371
38385
1978131
186186
397048
118730
1094796
1786650
1607087
1970045
697290
1727406
340475
649798
96490
103737
1272788
720396
1241693
977034
1691685
1238210
1468204
1228924
1239138
1737476
203067
499127
154468
1003495
727398
854101
759581
1333827
171412
1606599
1200000
1717340
721080
725855
550066
1654392
948396
416265
326915
1806520
578414
1988552
842273
1621455
997491
970679
1865576
792221
262132
26144
905126
526691
1447362
1152266
1479583
316623
651383
1801387
671176
606800
1949643
1570882
24731
1690377
245236
1047639
515725
1760676
456056
337219
1355903
1385236
427713
486738
1729385
799789
395277
456916
1813107
675706
479514
1553390
1026984
1828566
1276532
814825
356418
1971398
1626098
1499851
1172958
709100
1036059
1425415
1386027
70297
1738210
1117224
952035
429391
1824082
1540704
1119174
1567421
979510
1122486
553788
1174733
1506163
928127
109655
1598558
1991107
142268
478043
2217
924007
1530557
1998502
23725
1672934
1143679
1128550
129470
1062857
1478937
733528
86888
927183
511069
485035
848552
260840
1913684
1592439
1453790
1154705
474710
543797
1558465
1542773
1047804
827203
585490
1970129
246865
490365
783568
144300
1932962
1242882
98945
204981
1716652
1998688
911110
230801
415483
927933
1321689
488514
479240
1308140
1574333
1296374
1949511
1960536
1652651
185727
1355086
345558
1684394
1231651
106537
1010771
1719263
1267085
1286362
1466809
1827975
303445
791447
1022144
954832
61535
46438
770090
1467052
109262
1227999
1351403
385631
869865
962187
998849
591641
1052826
1523362
1999080
1295651
1102273
459218
1352657
790355
164626
746516
437396
948224
1457582
967834
1064631
606035
551482
1627842
1275104
1392028
390942
655318
594089
215083
460217
1726685
1188730
1644300
441559
1779321
728690
758020
502407
1296095
791382
348033
1536287
1585461
1813377
970474
355210
1037788
1736144
1545503
1200833
838532
1411331
1792752
1901059
741542
1192336
218027
1942944
1975538
107330
436943
462426
343021
1686279
1005175
1093179
350809
1334006
268367
1195785
322087
1032649
494331
766492
679335
1173839
1556300
1920864
1340950
1177518
972730
441826
704292
1592502
1120953
733158
540084
872018
352753
271732
330723
1321460
1032942
244523
1299617
913790
26273
1055705
10863
691434
1166872
1044392
1244440
588266
159763
1099543
314972
1905531
1499804
1374003
1996294
779258
404815
1433548
488574
1689298
1347697
87158
606616
376823
788365
1556048
1516406
1044511
1146423
845795
1554307
1358510
1624036
1804865
864616
639722
383306
385736
759683
147248
797752
484609
861453
1808246
1372923
1715274
264982
858224
642514
1183319
163442
774602
1798780
94940
1852735
23853
218519
828545
194699
1299384
1003860
603991
1047729
135587
1493567
1385511
1166619
1320575
1672042
694143
280354
757123
1450534
122811
14017
986819
1344589
1991410
1552287
663232
754616
776544
1931305
1703605
933388
155729
462833
947357
156686
425922
992686
1556090
67895
666293
1789260
1781647
1805106
1867737
1075241
1227024
897778
800369
1331840
683784
539193
990085
630599
1623272
455661
1751652
1608076
1050610
1968872
1462510
1057957
30433
667163
291214
570189
1763509
1083645
700139
708197
1731463
514930
1945338
1955365
1793888
247505
1912492
1537874
1798107
1117621
83151
1106275
264004
1327993
1428610
135345
43109
78497
1807295
1324420
325282
1606879
1414098
1826
1195308
264224
102475
16352
1409880
989401
614308
1117782
991572
718187
1982505
1304492
1260201
1462335
478430
1735391
930039
1646525
328636
389746
1487335
1892352
1728019
800406
1664538
1294122
403417
491961
180729
358218
924830
1040768
785549
1626354
1404425
278603
1475524
1678984
1051836
1478273
1625333
1556863
1287322
656876
888959
517727
335758
868390
1752360
1023753
1460954
399589
1191491
96324
1633836
1481726
872992
1233678
1095623
386070
1183381
1901314
1527227
1685226
1366244
1319307
185864
704958
610621
950636
1107000
335104
765054
111495
144409
1770233
475908
582489
767353
1091394
781405
873506
1184305
126088
383403
1040756
1807452
1987941
514667
1387575
1952712
1440405
1526256
194544
831614
1447926
574311
545209
42366
668060
562008
647862
1127861
45817
1630968
346954
1950737
496501
17528
598514
994220
842431
1675028
918005
1107920
437923
1655735
1583785
550835
246777
481829
981753
106377
346252
1530582
1414210
565827
513053
12878
685590
1129120
951513
431161
755511
36791
1955633
1361453
1980925
288015
1240495
1015399
57255
1015938
979323
1784722
1863734
1606371
1547511
1296752
1684901
910367
499549
1077362
590366
956725
167179
1365687
1301399
1638959
1450408
932232
884029
1383468
991068
789958
992206
451248
1458950
1831008
1812698
646244
1010726
280779
27854
430632
486841
1562255
522531
1465017
1099684
314392
1155058
317010
516265
1895290
1498655
1742459
1722685
586015
1029986
1204989
1918407
1238480
1000702
1860431
764095
473146
1048458
230419
918524
1966245
530561
111568
336151
633865
1370028
1247330
187270
1174327
1985911
108507
1345152
991482
670265
821891
1792295
496287
1656721
1541775
1195263
237983
1488392
1584851
1163622
449624
733052
922718
553164
1402485
1410495
1355876
1779235
276528
837000
1364960
821701
520790
456004
516605
1640764
1527974
1782082
1502940
1693337
1474644
718773
1878370
1168464
1372075
683111
770175
1890452
263954
1660166
842367
1287933
1446109
1895817
182274
1681214
1100727
505504
1624259
1599041
1936572
386353
1038331
187798
1002488
1530336
525328
1144916
68772
1165883
1724956
799599
1694570
148618
1724645
882379
1488462
613070
113894
1584366
1063692
1665173
1853072
1328626
246124
1075350
504964
1277786
924416
1779240
1122691
1472450
298220
299724
937306
102219
1469040
277224
128091
467031
1369363
350828
1765306
776951
1117134
903348
1941613
1539851
132470
1158773
615649
772034
609131
580662
682079
1060980
864181
282226
840235
1904773
1398797
1776227
1720740
1969935
226969
1317971
271830
1803915
144858
1498863
1737072
806318
990852
713278
1516519
480307
1841083
32689
714939
1102475
1277804
677380
633123
175745
946556
1750248
599638
330084
298767
925579
648235
1021321
652761
862079
1960807
397088
1232419
1794756
1409560
140741
419628
1769176
968502
19931
204681
1362881
1728221
952138
701327
859308
1438298
1664078
1913142
1779283
86509
1374814
275129
298272
1126243
1637769
1107598
1894704
294492
1345243
1216842
1629462
1929966
553762
814343
1682107
226557
1871711
1320397
612239
1894374
843175
1658881
1949324
358440
1225781
45301
72747
1898714
687843
1774657
1495452
931413
1945855
1017192
128796
990209
1811653
488573
1286392
431319
633454
1176906
1708449
544223
149569
1785383
1826891
1095952
1498479
407575
442654
1881000
17477
1591119
681534
656171
851590
747948
430694
538655
28483
1236539
1792203
116036
1988425
483179
11026
1731579
597686
1483899
1106144
905698
471426
1838458
1755298
495097
316911
1262743
1020775
156143
1421869
933730
1881191
68079
1803059
129697
1014224
923643
986728
1730246
991222
1536615
1933863
755465
1592300
1872596
1222060
291886
461586
1934552
318069
480037
799285
114818
360525
954131
592728
1210348
549961
1263473
1407272
26984
1473360
1561889
928689
484375
1251627
1712834
1291343
1409581
755085
1203203
43844
600867
770307
1345899
1200344
275440
1862970
341730
1153457
1602708
1429611
1872678
1992022
1725463
1601557
1449607
1543222
1797177
1443601
699186
1525170
256427
1285276
5351
1602218
1039078
1241356
1674081
462598
32921
1536109
1225724
1234249
404421
1797013
1809064
1564257