873885244
43755413
144460178
386902862
744577887
219291064
976243144
590928221
907021446
141136024
229287682
472656795
846309020
727837632
478465131
561052837
846384570
272337735
572902829
306844754
142002311
735804826
284252406
24332935
964469366
395008986
971768201
234651510
569175008
175069823
477420789
567713002
320469889
216741642
766648799
668606659
916607390
71042906
112646918
282489575
616219530
735371151
287023493
990524672
883020772
635398725
23504190
118523424
618786964
626447833
678884001
843362257
505263611
829062912
106125288
827888224
784760816
179796811
776832187
483772018
532969177
271912042
841511858
185347329
148678661
666377454
525077143
928228762
358467394
366106037
763488171
74598895
395409484
503548854
312654173
678643530
284768042
166253943
157197272
181371224
417119144
438953694
600057176
825746472
382938641
784824762
222477194
415176686
127003581
932349486
96764828
972716778
59282530
996179209
423412741
146408458
933450729
810920198
109012310
396215537
654164178
737997172
869512519
886439103
511296208
819986744
184742542
560936917
840060387
333346586
468322024
460679298
504301151
360259820
800271514
437054699
246684885
457504120
415826144
561137695
898900646
263151896
748425212
615517744
233462250
132176014
571782271
631540126
401319518
356763100
128947984
263993248
133697690
497581466
832620069
884149196
781245691
688126812
514053022
64001353
599781835
822683460
852064590
346591297
86007004
600465246
73547433
527528387
257838141
510417184
140697489
292567951
488066273
524153499
825161300
258433596
173430324
833537617
967086198
240468892
73334801
941091224
836856078
278196662
291453984
639898701
858791185
666492044
935311058
828583942
742774459
988736517
939443721
945194582
177268604
831653256
572210545
203568788
578990978
816481525
347622653
600606775
940023814
826217197
549552225
129552650
742393158
42257286
2752116
129337291
589511691
933219521
352937616
170969510
227678416
346137196
554815399
946679194
641730847
295504990
884695166
593164053
550014556
689051682
930640746
713695488
636037279
894007454
424656468
551093272
111100106
58429071
273635515
74785690
801233112
31778431
503690689
320715192
466660619
22536677
483748675
645924870
927569065
910224578
510891862
923621166
907988772
654221259
749866314
369789155
866399890
477399566
351340520
650102703
425232242
983543159
74088162
638960150
616021731
173768544
33644437
97939906
539340962
624793886
380484915
26668600
373961882
265902514
491415915
283295802
6334560
574053557
305576713
558866189
649991272
440541086
989907862
771387850
246091294
851699325
833764976
39491147
897254183
804209265
221225034
960685563
215761925
673933962
206351355
841636286
242714604
352132734
65273585
230898357
707189992
620329074
874664303
257691928
573538780
195204297
969834278
61276940
803604163
619541716
79848636
267440975
672020062
590745149
446248310
552123647
541029615
667046454
86684218
62150754
878982055
527288495
895291680
720456969
125936775
995136032
167498850
603828302
29391992
795513082
638613309
810010571
816715978
635867457
808028249
313904574
207807065
886738529
820212940
290045148
675570312
153991719
336004158
512387781
84383804
793720403
295587240
125337652
948257611
886600282
727967431
304574014
111867334
464112337
526841198
203361096
521812983
927323317
72790082
835855136
554564855
389610942
189863304
920369946
882235806
520043854
75921295
985421567
138959021
604835476
318189605
677235546
347300873
95392987
43932781
38416463
807112499
450312841
301804757
652766061
359929605
718622576
251148386
377595468
18609092
711646821
508846897
789543471
505232918
615309798
966648290
45407653
935373610
311080099
779275413
332112071
218637966
327907463
749821864
327449812
155195179
346376195
749217270
859099239
205427675
935564427
927117890
450492381
528317899
548244912
272937027
793829799
31563168
315556099
296104115
840800588
15392551
323653797
666415318
27543893
235949943
833357022
296697879
471634210
677375769
430382716
636957669
637261504
238554719
166525823
159402326
131460658
848438520
712589806
514175
854848273
717768096
145098999
145695205
503274201
664203133
755432198
232085112
683121277
558944335
64426161
268769437
396666622
946469824
58738959
226222880
41424310
690554951
380005833
769464192
302449751
433995442
19974285
473313291
302120013
519025911
566057773
644235194
425869332
810057619
815352609
898853302
693916566
56513416
613546989
883974235
156868355
601470034
963091165
531699604
352840255
777075480
776043845
432526724
654547201
555655239
570598291
75639989
294505187
69360826
298313391
371480390
460248989
434464747
991013252
563171017
599324644
808131193
725180008
35821601
855192772
162856986
428000160
946703375
510882303
471441715
7771336
270400174
878344507
232890318
265421107
626879026
120651756
303968122
328668810
601455467
653939537
86193289
317010468
936267933
326577121
106887983
508242704
507182567
706889335
660637398
920152590
327019021
938902457
615452811
443237088
542279329
590612114
827679255
948852763
146908654
546914052
353951490
498421165
74968031
760647441
704280865
892222195
692402903
119623996
991207679
214510009
282206074
757927659
905654647
307949797
298212224
781585339
104371162
382437335
59485721
746897914
508444369
998243335
940802725
106559049
97552738
775725281
647127783
563844859
549865881
687943769
636445029
356356836
963386296
194919538
994114950
451270251
359597749
757001060
211934264
160190631
542706043
201685314
410762655
504440391
59479653
852380107
257914728
933889775
221081755
777749824
122587117
221527901
651584286
439692061
208725006
410138713
323376742
231519309
448608938
935604690
654480173
739137630
562075278
115973615
775038815
245925030
19556972
344794822
346122374
505074329
495040197
514465554
410917108
700262908
237938120
297685310
750188769
858155138
853289051
746192858
109240717
594579073
337952507
681012626
305862111
964449581
41786880
478034122
350869548
855310209
46613073
580369059
942982571
680631092
595076296
335629630
487112418
384829845
595760340
156490039
386966061
164810635
933631415
259637830
124705266
508783745
295720636
866140318
655370281
114912259
722801885
341312562
985097280
342400205
495860248
584220780
640418887
17255930
445277547
937563246
204072630
587538896
562969744
305332046
780156047
881903831
808527311
158302999
702293336
823173292
191807904
221115061
667502735
775470068
178267713
728370699
741685685
789471934
972688527
215188315
387352526
488385975
260405359
130845813
641817639
171625790
566462286
52632011
962477369
936261025
74305474
401785068
643910296
294589223
583821804
732060938
580830266
874542135
808207172
165705492
364246799
57831223
892768656
763675239
115793916
937482752
265730777
276454839
355916742
299199434
938466095
704663032
721458744
841284130
75042684
462862152
999562176
214248000
44007541
247226869
593981471
142105989
76933863
610563452
894334255
947589669
765222301
90769162
700361096
885889062
887163270
230389057
483122314
696929778
932541346
294066372
688917432
937287590
594901517
654830991
933790651
529846733
260161602
57075116
273624568
662303843
603072749
375461069
390587939
280305202
546606418
477360716
129927769
30872213
331639713
407326046
189463828
69698746
817909762
850829983
200004247
445028885
645676200
349559101
362622279
303772055
269975267
273538856
925331906
716100357
403693841
391833435
820043683
27724544
906613661
90300171
795538201
903780040
355215208
439942080
715336421
858186056
615892751
330643442
627378991
314333596
742900523
240138718
246114636
468753361
307876653
564074033
879795190
926251217
155083028
430753461
748404300
40536977
66942108
98157255
933135780
310717079
839164167
342696335
851320807
801282033
829086578
373055392
462933436
723213644
499512870
368504971
199084602
523876880
619137198
378722993
984328408
848878317
189855117
582746479
37986950
359127284
174595974
992875471
926701182
591234779
897011286
848328423
192323345
797732734
767344314
87104835
996820400
661306019
763687184
132099268
278888427
284568491
260658890
266571780
286720647
871409141
517358226
835518469
674132340
605765003
252430770
610243110
452081347
858119261
380870522
892367015
638513069
692362782
681147666
239539254
587938836
705664285
204240961
479237725
338061299
915130880
125587816
310985098
486162303
989656402
623071226
534869255
523360751
295878013
370971894
799861715
102113906
447294226
932513009
423094996
703554553
85021693
851181558
27702608
642599016
388569825
840023651
595686333
309918823
251589872
985309219
116292036
92159993
765315225
172278315
226680593
131351758
106432832
929078346
335638207
429036193
955843797
513993156
486125110
574734165
236616603
492800178
53192311
61672452
944013995
435259344
530820136
340423629
433821124
352460229
263130134
819231849
756110301
23359874
705599028
214121841
644277310
788680289
840190814
747109433
634980967
645819644
940202626
145804795
891739016
738802668
770687789
64972927
46411582
105421118
148170541
346446477
473521901
668898490
330393301
445106877
618229390
762745768
385457042
295080202
555637604
324798836
97368858
663904042
652939965
485365392
313492400
43327043
517118457
278855877
930047181
782723807
280200988
60390389
404087091
856972158
467315518
275961443
686146737
663113829
348478261
389021894
341325089
621826795
503282316
959558630
853411645
577899327
906596603
35594033
694951841
730308875
6263323
879812683
42632140
688879229
787243165
551175505
94450627
697759173
979853008
636788282
951210361
604871007
567254919
72097336
45544222
524749494
586015407
51364485
34506963
776206768
501203032
901882199
300100236
502452841
782379872
950097867
627624605
634407130
26006112
602831610
138088664
567828067
473073483
400650834
763744237
809712543
241299603
264496937
570272956
538609870
295776615
487439038
496245175
427011959
420636851
172657738
907825304
18044855
2054072
445887137
963928251
693219105
381167876
660035356
481222916
329931924
196180998
387266021
114397944
974821743
68929280
113830042
900017999
601197156
181036810
222323681
249262195
473057929
42995542
799107226
534391979
67406944
915054555
411097293
457759961
892541607
922822688
251539244
872594712
644458211
231788257
898754335
890701093
671378179
395344874
62264396
970770425
904901820
360781241
973379086
815358273
930908808
258008916
269803951
584523597
305042546
645991181
454641691
705527421
567624319
629683884
456700516
358972071
446379645
749037534
792818886
549904615
480460844
63441387
525654869
288298094
630446982
584945959
778833197
927071566
852873369
729971834
680070269
705102300
800966052
707297293
112135915
28020300
763791571
914276753
343634657
833120398
184198579
871066728
905090914
148780535
517572764
905263636
967515620
347756692
32805005
92926362
972661576
807382154
951203837
633055444
429019851
97211578
150584395
557223037
777142495
423499820
367225378
877209613
648732304
134269445
326323700
134427758
360086339
899146514
380039868
429538865
21287953
940281522
579651706
132110184
896740933
636989614
397704813
260322382
758009092
889283106
291275929
637480039
88911565
838708717
618882931
320867882
134028769
175246456
8480686
618116245
187934104
325138782
221482010
980373304
550619902
695430859
932786350
157796526
75291392
626357178
239733406
955295546
587988133
532936934
580287172
799579272
161158012
270724297
18581182
800152638
626897374
151907875
75142828
999778944
516712230
315411180
385380260
783275749
238153615
21373700
181738890
100307479
559257669
289921602
338559043
770755664
820393099
157365688
523859633
337883843
752458067
595244737
768720953
388542389
197340628
391865122
417757789
269322071
298888433
273799566
640940977
498293539
259008323
206993546
264157549
198455130
373490967
704212616
798326179
574458685
470908199
437140519
496433954
229454004
752339461
304092285
26640792
440024661
482966770
210122249
216835224
220577664
138826399
595009917
794209813
623653165
872372252
502944322
418027528
626604521
395432794
990904344
427694853
743539273
594468982
78281955
591261271
450474628
522948908
673471078
6861962
97671998
717673297
225260809
963796733
141546019
629404023
71539969
119534953
871065287
559356057
15085348
400416495
615328863
490371232
771895128
855722306
859474602
212343071
445323197
334278827
154086883
537597527
150794855
654843715
918887880
992800115
934361206
4160132
321734989
375574666
638260923
233590868
777001903
13647975
863603169
621734822
152995653
98203497
745440425
601875835
352935221
892628875
588361052
268121397
407270340
940238085
586991446
828293511
616281342
822476389
93334433
188105707
603328762
470224246
206291766
274408720
207786416
410123929
991110635
846218632
69405281
799712965
987959203
321094539
931298736
559008871
966936810
501400366
794445210
751766621
120879130
620093949
29344157
169300181
288569318
991276528
392739269
67689982
653609550
877893951
351540645
116008348
126994476
526807251
235669906
703489019
409902588
352364075
574681934
579231132
301260389
9785099
913675027
713127933
454731245
408970683
484267231
746216550
413840952
711919714
747468024
231341819
756644903
338573653
79081987
530856044
73169545
745182609
374703499
337580022
456489350
776619480
958455365
337837277
515874038
546980896
538308670
375544279
376780307
983907278
868443731
946662711
324695148
890637118
735432466
936781649
113062798
9611704
475518987
643287446
1203762
331959880
937640895
927108255
775304693
769805970
113127504
544936720
497909798
104771526
655040840
311960849
847299173
61950802
613957675
192549688
539319837
493615507
431484977
925339792
175804922
395679751
21143551
799728878
418329718
951809207
716576669
989770425
227429160
705578396
412008080
567015163
122409462
355480845
255264500
565223834
328996300
834751255
831567483
38902190
534165171
155148321
526671596
70296011
440976818
750368347
936593117
807390285
658201472
250905610
335936400
487846916
801885020
708906629
167477294
142609689
377696051
961790414
128161285
906552872
442751510
321651702
988844541
196203990
739277530
636980628
204803633
873449727
390538984
868019951
515070310
193528491
41063284
208995822
978916431
48201638
972375781
320049760
36758288
870834159
517288516
515123561
50872335
591152192
553248428
178060084
353629813
374464931
46989609
113028771
202867939
281679518
55147271
350236474
486622062
71760132
243745315
518301124
399555217
977791728
135501842
629490586
510138232
151217432
147164275
404686767
590755488
889743975
799899491
975609693
854202713
151421238
800320619
89912528
596253836
120517646
445058728
852086195
888389088
919704840
980326862
50352916
782011038
220602460
868589101
745361800
411294106
669212502
296000006
706959262
841442176
408354586
614616625
255393487
649231508
134438072
943186668
290719849
263701628
747031151
924311089
595956965
187216532
439022288
888798470
518293041
400094296
74920921
217976612
279223615
506997018
303999962
106293939
184153405
296199861
518344056
830894234
609691698
601174502
254241039
293776562
62817233
546809026
58755555
622642713
944824950
376609390
587207490
499529379
398821073
363406710
849240719
927594293
274091587
200774322
506529861
89283407
211456448
512674733
784830084
115501842
205274637
586152811
369043111
889930464
299076074
826319043
351959262
263825178
403718098
961063460
483873709
55516644
52126428
917179926
34980372
33211485
687063527
418020056
522092826
932985174
640414368
814418410
3654627
811996684
931644512
142726899
947350322
331278257
368807255
955323117
315803206
220484877
249240622
632736627
162110252
305214627
522408925
67722943
489617588
540976391
11918620
334294396
511751476
780776568
936995047
724704248
634781051
676907206
801874597
179778543
657579484
549767526
529415437
710423503
386929772
30289285
335267618
465875273
83231640
362337826
796207150
395691588
325228867
350885082
134499007
704917034
922256679
969178895
747208980
954582661
820315082
991682492
301979573
992926138
885480168
351129360
615635447
301247872
358972019
611966043
42207910
651925551
593656044
151177037
2163696
20672321
390147888
711249856
612423474
549794854
87279191
297533483
438045332
419498379
129413829
481412970
741886067
379547696
803590047
226914560
600810341
35872327
936268330
134800861
803243883
868838246
107370117
644080279
790424848
918507634
112543596
727605485
255303614
688080889
560801332
228849208
977523733
742984117
914232871
422192415
58849633
688447509
629836568
350009895
398040025
841296895
456876859
202180858
891637778
468936481
146815387
302883890
542882707
516192972
297239197
436963645
847260828
262928236
59219976
53028835
587964823
98798701
940955329
891884604
267085992
955478408
189579377
115496738
707726102
475120723
614648017
839722508
485890288
559928156
606153140
961402063
262128108
953570077
782415473
44403726
681760649
422132096
144173136
729390836
830549749
370037022
514446325
532880950
796210559
548761600
924236977
500462292
582850084
783893466
573979240
613256360
815436435
479207721
158894246
608908114
47770527
48091710
42993304
153024826
662229455
9609205
878727371
978726577
661334498
993128552
381559188
824064814
39394578
712207136
58974290
361119559
63455288
675304074
335043283
508028434
324771598
255999079
872001866
268301023
6022658
33601690
857551269
959874730
188881151
688690165
642294362
1190613
740171451
244176337
94219939
305604417
344895132
938700631
830565468
455647212
731025441
869302986
323843629
274681664
399473660
973367090
13211131
264472124
604648
661179060
567828798
881431946
522771414
652549157
20440931
756523262
770911330
304975797
387105130
547393209
767244512
935392382
852973034
752924113
374021109
898058209
819039061
755022871
389860417
855088443
727785322
417132595
507599845
632401624
575522398
824327685
138658175
630982825
957231229
160509356
96009420
152223122
107539053
697626299
363017463
223382654
487701611
198571291
894338384
582909005
818277156
639228872
569412856
516303296
309425942
877743305
173286436
980451418
131671082
900839213
445558356
79550797
411629003
951204265
740221510
580680306
242755007
743639209
808954616
204456048
220218327
781961651
720414102
504382313
60140034
353571719
411623927
67134597
717757940
988484955
56441756
867781893
256565837
940655679
625772344
473769060
685049964
914811622
681874372
385725995
749551551
619729780
404401144
191557693
240397838
934322628
48647444
476472791
651227037
65620854
281211750
878684778
92220953
799634761
451884367
421062491
2756300
830521401
292448191
72218903
194810896
470718809
634660025
927028425
951876636
195812795
754396291
245825277
602074917
621817074
894587057
294403898
681015971
134178277
708707609
403708683
21428906
709019387
390671980
453785505
416002794
731465237
964241759
890765694
448427225
460562198
190857096
495474865
968687346
317212464
815800615
970984270
983390887
934488089
803566116
66473248
430770877
61622611
729350963
441110494
663769204
574508715
846414854
952133188
789526058
71216813
789857791
375615169
80481964
382118425
230885903
70382997
522071584
638810582
779714998
968127872
631881936
25596914
740044199
118561226
469012485
507261686
945174689
821231874
376552412
245158659
954537339
867438147
428339461
476509326
408921427
111688027
834878568
613879903
284007421
316073764
481342955
275319112
995693034
307703088
602523160
296368262
886873065
324733606
83312967
507978103
696738950
886069613
264007795
922926201
945651173
299127655
514310449
146384831
546042950
533851372
339624369
122519687
547106030
318979046
605341926
664404759
594285086
679413361
497066171
88052103
141412674
410622837
809537104
830373786
799936859
286877382
252947581
383766682
779450733
49371505
944033744
259654864
930750859
655263256
406334512
402204857
729483104
178135691
130993782
278822603
665565667
750018601
256880999
518975327
399451751
672645388
660661373
531396747
195154958
87073850
85433817
941037179
882778692
489942169
7206104
505119878
600950152
495714517
907885334
316858116
856732019
392826329
50711988
954700351
151771190
956688554
709834336
678958766
683408327
673404425
551562252
65803096
500388810
609993841
894517298
603114152
371009363
975689017
693799588
922523241
921362180
936472381
776285600
752005417
383933615
541952576
13771757
292051057
316103672
590547605
156808132
146735946
516309718
335414000
574779991
649713089
403909954
3696065
687719134
22193567
937413172
401968413
36758456
793493772
835855942
239346709
925964472
553240714
432990044
192842369
31441633
995358364
450258496
68827327
327502817
603534809
406450306
469712800
828958922
79025641
362274180
414173891
443547367
2598830
463751879
220913246
430628755
890190778
40778921
871356087
90310535
350765799
369020716
588901580
978804278
724334234
915022526
707507708
956760116
956913185
922529716
922453029
608905703
685572926
808076077
649362677
749324210
648249522
359179787
645313823
438236838
245411754
898184100
526163413
107676924
916876432
515633309
482713126
42858846
470964957
611278524
573496043
877102060
92083841
152620932
408419372
740701373
318491348
454075086
790454539
958898199
181244921
741073683
27129247
946264028
965234379
175438458
131238405
917277294
505410437
116725440
891280506
719211278
702526815
680246135
758593978
345426677
527646250
558904501
577037091
295383864
946554080
283608147
847554434
605935306
567975277
58100390
528997443
665679996
604680144
766459109
842590462
220947900
912959372
860234284
216834218
555940269
249262221
199534543
219781140
652053782
859400760
840644979
768486533
164344745
173246670
783595591
898330528
146795743
507399124
214503287
180764172
11179942
221662991
664329299
91466699
795657354
788492613
766729732
232939953
990041191
655250636
604139722
943595475
519584814
692228821
543120185
12663477
925583747
658595220
981817652
152080739
149574354
363676139
174665262
570501882
71139383
681779774
910948713
991611662
590016079
714053788
69355572
476257858
394299350
188889110
703142196
182358215
678160772
837848729
250392310
742581207
733033788
709147795
107655738
117629146
868962370
962507851
254531312
240865594
647281145
695740827
905878475
327086933
274643048
299921672
463848967
86662731
21438059
721993727
660589297
569382416
378045386
102100731
617239993
395288614
593536470
395046091
832539342
388035251
182500120
991361158
777390306
651329455
135023090
925215352
125253071
823307593
330360225
865484292
564842659
17008529
766752908
331328862
840172881
603426703
257305747
451754814
163626143
632923539
869644399
488201739
387675955
641709906
195499343
849735841
240976410
400751387
10800318
457019365
831668969
33382044
678579201
709760532
493292669
756787665
560550362
827167554
22424713
891483946
224280466
428401951
356095753
379839603
146306366
956838400
472429623
980251596
901676071
937982925
326012130
89036506
856379960
66809469
434799823
646794940
73860377
167827303
784813869
951995899
796664411
829297455
930120446
498223270
112886708
625015134
273656270
501617451
704286684
753677952
242425663
507221397
537928192
397384005
791789319
132032878
813835134
675617647
536298122
629828792
980680167
17188414
679068484
434230909
202032083
186783061
129459900
883251205
166497177
750642953
354084074
394789317
199436927
830150800
178175571
285865592
747420599
628708489
288036016
978233065
217477780
773234442
591303391
320914842
845012031
24354492
935950201
302924475
252469927
118266759
657484240
872503551
440894967
949074932
429048944
122249569
809986442
938779930
12115408
93048431
921951454
872993703
877329511
961998805
927148989
594648906
299668336
359179518
72979468
312125739
5518569
965118841
836679109
379078634
690776310
858213584
383961975
46984166
63787104
2984073
762055474
929352778
389099680
274713785
585735885
963911601
616929540
156272713
446215419
34754468
888967410
606581766
36216482
911632461
324607742
385718984
436601818
930313248
47137861
843942701
977333656
816786418
253315626
457718076
330587506
367874453
888967260
611845844
715594237
715202052
21544022
961954050
686695395
151537813
49257409
146637696
790836281
418035096
712618098
240772289
275184575
709810367
593491159
372666318
799851098
957868686
460839741
741664780
336838676
16977132
745367988
285522954
777972340
222228892
62866246
35399684
289936318
228133659
305332785
338109196
360936385
739150303
392522963
825520081
729544488
831439035
221056842
322824243
619716410
581170770
238066292
474764946
951948505
371274303
833684648
437056160
11096606
676405283
884693700
456258602
25568632
739127134
57548335
927139691
64954202
199065214
76307133
58265796
201933211
99298114
293829797
728314606
615812935
18768221
464174568
790032542
632634818
924661445
372422541
571911009
512294072
266081757
894107740
677972980
706118037
163212445
120718878
509753370
529113542
690005872
465877235
696604821
956426123
684768858
855970698
376930968
569193787
606693452
539116374
32087312
876320644
721058493
774359148
145432055
781701181
82852279
652249566
54803312
745430637
378627236
643622644
857713019
774617377
35158977
481032043
652446798
28999938
36680703
795454726
833979459
84994656
65376368
251977714
968257489
984322526
636404400
399438174
778020882
499743361
283766532
631361429
984777365
737063613
221711347
332335442
390949376
546192430
981141167
943328107
230657088
217210977
664299972
518663441
838611163
366050082
204087412
620133677
413000321
899006858
366888173
944883736
947352257
909461281
326353598
416206053
898291172
783559756
753132505
314814356
814950464
347922228
107077847
809282771
205481721
551683359
562629952
967738040
315850883
405351858
857839456
486140516
815230656
100353967
838899287
350339682
308529684
355395752
648679700
237807831
298727794
453491677
697762217
281322297
561032453
12683644
3870334
795176552
71477091
333265185
661871485
232485856
523758188
603040873
238773363
938638312
952365675
944734434
754913607
250309162
84773287
471734795
276179195
686188746
844332471
653433804
8678533
644944570
206564161
399237133
526243067
777834780
608074016
160937736
149245187
366313996
623186981
861232474
662162462
437259799
564298318
855153120
828443552
972998741
90949273
361002702
243412184
461830871
454980110
178620979
968586683
97535697
456610905
620459734
140133471
510899408
762272132
242501932
54543386
352050009
673095736
362385335
890434379
765688630
704261199
551002444
947867696
272122133
225605233
448060496
867835586
639049480
304577027
324391665
941391090
199746151
715194815
440322934
774130200
116820685
906575238
725134954
603264951
929201160
10756982
721999592
174021010
19773023
209923237
246429113
773309089
616358752
8601566
750824167
40615716
686452387
378921970
386375102
463483602
274605353
807354020
776657939
403068350
270891188
107916271
343084567
866015210
834920008
270127105
268785071
620277732
128250270
140647107
347825049
596125031
309053665
592750397
945525995
393745932
483574299
797131437
906262758
473115751
195440473
657945415
311633859
675779037
779552943
461359544
426510811
459800536
185974126
496120265
793197633
728810608
334560748
277745186
370026962
574790997
487615979
36735597
540696590
87627151
888510311
92046576
646957947
150849028
673425437
751312533
24557382
541188192
715713535
227080190
964613620
912319939
867264788
770098796
628970960
24588156
227330233
517217326
387785248
361762686
690552995
171673220
432221838
656911468
463019635
693080704
657445575
336866484
233216332
238131729
912276876
19067741
808459440
754750321
201965698
940698062
437788330
899363847
573032247
285563335
365174901
420228001
165819623
236500171
730198239
8370857
114959541
905524426
810969739
295331316
398284812
706868265
755895421
45974211
577976311
344972612
565282515
533875556
354623108
632609907
602459118
600831652
362064877
238576876
667946738
653350109
834458338
198210253
416581576
210436482
770077762
927253037
939488336
806912159
339878745
146849222
569804061
644978951
697875404
413136431
788001289
643250560
319552540
648782575
29966478
795072230
501440647
385973657
41350324
229744381
633083624
444209340
827400563
367334110
72152395
730251771
521164787
393803890
311962677
356852940
89441730
754164781
927414434
303477606
877576374
856508103
30243989
812452536
161823331
198442752
762804931
773639827
946966642
463136348
832766074
894661322
931813389
832088312
187274717
64440591
385590976
51699798
225683648
642753533
414980513
760306375
207118941
131765258
439878391
646873545
483031852
142911775
163893877
228622796
474183721
207551211
865054293
848510765
801873051
998083922
980167871
896559700
481909043
222618863
758590860
916595875
618099202
286246778
261017999
826924725
888019231
123152070
736413242
644416569
407151455
695005036
298451472
804126839
9850008
59055200
364231079
256542899
928623148
961123434
122188780
680058874
313240248
511213363
679028039
935684627
129051478
794162784
515379753
864427331
335118524
693817754
93466221
203926491
336408046
850215660
892858912
537002532
677812034
723851308
418523495
914050998
60752616
477884000
657860883
695485199
609469388
195668592
844629882
68172917
608748609
57599438
748245056
515881326
883470758
17648193
629126326
344497103
77747883
808228333
114820861
249334859
948763037
522423300
862600919
679949290
332718381
305108351
227567918
861245198
92540923
112669390
207128621
894817764
358704028
186362532
762685893
82498079
943341040
360972103
275948303
798000216
428486844
173112480
196464944
711130540
647898597
491212378
771339286
490987916
68277274
964507385
811599278
691218124
639393164
589326550
27056763
992864700
988071221
58429948
513105245
809384530
216096088
804889171
837146037
519533153
579195650
462573438
294498875
791966818
692224558
670989368
395022438
483794262
666356683
48866426
995879457
103514774
5834410
234926535
294644249
703054551
503754982
938027864
372138172
374727456
609211013
296872755
698779180
92541844
247557822
287545254
111719772
345236766
26128395
208570866
744974851
668556193
672926155
931699264
348937289
626029691
29374735
760350176
634305326
717737885
445766803
603610699
793612023
178800320
502212129
701890395
10397850
983189153
415747046
175643076
467518006
304525614
165494768
834829382
339378976
768226129
783029240
122588093
170340431
572782538
666646951
191692070
67103807
818835932
852649892
683872672
27116956
40708427
970175309
200874935
91685682
481758433
326115202
281747736
398760892
820525572
497691226
78195436
309497631
148990576
791771090
685596326
644573149
839427650
734658252
697950527
453731393
331137587
805129200
244949351
762828104
717379220
780724352
778238270
216414095
987359945
593619688
837021332
972942075
684563651
477109815
613151583
319260933
687051933
406834083
630694779
627250062
281377650
719692559
338850502
963436491
83472876
521672716
238218806
816941373
976868493
21806932
474410045
21335824
526535351
219900106
562610649
492924557
407157898
319211424
11555534
797335735
224891239
828109963
734168402
684383546
712697661
479228462
495767586
857501329
705824949
874347736
998254392
751553818
778718189
995237359
822418862
188225149
391794524
765382662
782368530
336195597
564364767
329884483
99441229
236882737
757486191
581510954
869610337
24025707
857400103
740531709
238071939
562886102
567727738
35969763
548913090
751651633
946258124
699191371
544834622
17883184
207327467
651857286
903421726
763970888
666749786
208049349
39957138
467421254
324084800
291268440
593429098
331303097
427657316
559348216
977841549
176584546
896140141
473710067
533891364
784678953
689797332
389417807
756503052
296253590
587824678
391557529
955500654
964462446
241336499
823009054
218848443
10687130
151218655
749572766
705514235
475998933
811397528
121257991
675789900
788129722
12233768
266516642
847237857
593881104
584358591
667489375
875345898
295466741
945099527
335699845
683904408
863738955
896872078
101571123
249707453
394191911
556642715
476815412
351212335
492153768
360214397
3183323
135078184
675556988
786770576
119437269
282032654
204013259
468142515
143375741
408004579
216706674
64258987
75461712
299363479
73849904
98395194
44766716
613042692
220947903
228858370
413668242
779805669
277013092
609264685
769775491
833738380
186324300
276115084
180941192
499149407
167944889
566771895
979826734
857682329
619795019
259133225
719141618
706458597
736150555
173609326
64947535
841292167
794819137
811338581
228792433
575374047
508928752
784527475
641368652
155293044
664759974
337431645
492798402
69776583
691345715
738727756
680443226
803203719
985778201
559937451
857377188
394971330
49551343
128434690
418651131
149151807
946155556
452729402
868398446
754095724
86330963
88351806
510808414
860176153
782271083
777834757
306037548
928854592
463336000
941439847
340210832
981159329
444399636
409451530
859025800
657349947
695561213
64538914
954293874
518365544
712937562
65367729
116141235
638157591
695836861
595782121
682262096
453695370
532247997
254753201
722083908
861926972
650332869
641611735
450721379
677831261
972544851
859088894
815832211
316273088
881495570
971525961
335514934
945378792
701383072
314401974
330866054
702061577
740018467
269684056
918279159
544252110
472036024
775551804
656577011
773613522
220437902
710058821
530241176
352198063
226347530
172202917
496932782
689218666
318482111
933700033
423578504
277490594
817662282
157184169
399301707
906270450
964597609
472824885
848557339
850505884
985092094
144551363
530172551
928482058
71609919
121761398
460182949
334652570
21197959
875940191
64446790
225680355
357874131
232099571
97304350
76273557
731308224
533349453
516626083
315718435
769543144
271986458
511459190
558897021
312637214
586638611
217434177
451209172
158742308
557627626
65465053
864131166
469624539
744155278
171948608
819497909
593326144
200962337
503939937
283769734
762597352
249017234
703383283
587900028
547401245
970281808
806472829
703152043
950010452
228833978
318924249
453000959
60697507
961362007
417778164
484456293
889804953
34261375
268775775
433753160
400958906
709732318
106855
930157751
361579165
559603694
715028032
713866001
594604793
740625339
428083461
688814469
347548948
889494937
49000686
461443193
903175870
322273643
617636388
266476373
92203511
332799723
195743642
941411259
30641764
158525182
967352198
788807528
662886791
795662687
92527841
204506587
337186669
387128936
740682411
357784064
400073879
874159051
56790463
451986312
689313865
674442331
738491984
171742736
402346328
113353560
381414565
556283025
540690503
995311488
822480286
189426866
548550199
385403358
443493743
689857486
914072090
431873114
340230157
159980840
52473492
856313590
511658122
773090698
792302360
575792014
586851116
944936053
206789964
112263967
621954856
508487860
251659128
479002767
460224607
865014993
532753844
455704116
321046884
489271619
410666122
887865709
51433303
242928152
124481681
607313521
638422249
807109490
421529854
920405833
293331278
212570096
911064870
817902886
411970637
61504218
993426258
647401894
285706038
848922212
916203722
915249512
423468532
37174757
451870728
292363815
485815394
630774110
202761311
259225171
27855151
164039231
124129778
53061902
41362562
608583704
10474708
190063748
312899022
849653290
809676915
848178377
919919899
882737143
269896291
309251074
569245836
647227967
918057868
706045779
511779668
246180963
202029802
330664582
524462864
524515099
654649212
438993999
469879582
302997912
227927150
624962360
419989125
962005779
444319955
732638656
270974974
470024652
993218825
734832417
210395185
281546117
287854038
769750689
286237869
385152570
861358939
89115439
899115855
458063399
975917466
585811412
28787300
395850179
630650680
437984797
130382239
841637981
81272001
686056766
365241178
808158609
97728889
592717368
808660197
501737525
84336803
775388132
369649582
687221905
863051385
30383513
18543293
754858307
887912326
247472331
130297163
773691380
154933812
406663590
770754606
106856831
382231433
484402707
991137406
413025914
275521701
671980500
108764821
216159651
27645031
806677227
996434028
501397172
151803478
684837025
882082765
98723382
80840935
930300376
226402257
531604606
457423842
839770258
783257802
205296453
512135971
947703303
12515596
438580698
654936800
46439745
763931504
104975918
262770322
257083068
33257785
56549347
690644871
625212135
951749810
411983343
150672800
872254158
557250517
40145945
819512757
537692415
982075666
323969600
982146911
329457596
757883118
93769250
273739015
860210739
45851493
198550160
658933101
210413666
487714316
147201569
435609546
668798398
828248134
351403373
130307504
771887494
121889137
348598291
292499831
50034323
464013156
565077891
141813989
927980030
670049339
968008034
345797857
962580259
492774051
57815931
365877944
525662863
851878799
237885807
205790689
502213700
955466088
319244938
571431590
951845199
184973653
846162719
701378142
732814960
661351359
725405174
449062361
58465508
657990600
676623537
976649556
967547466
420636758
146953895
982475669
990964811
815466157
441086789
287387964
351745775
487913412
115275200
133613744
680925331
938421987
666630257
99196616
638433528
702677544
94835206
179980599
559088584
208804858
417221164
113540956
129048928
324246351
234852677
945134513
343286053
139921244
632408341
691982959
976929820
950323206
426806312
318121872
94844446
736465463
100584004
721416871
359845592
364275648
372871512
527226399
827678842
906432780
398645890
763553619
349179192
734404584
571492816
103634650
73595686
557004566
615025062
818583272
983488889
100113536
785532690
467563769
956733266
871279865
797987572
924057411
415460793
591271813
14888801
848796704
473128123
212355008
218070036
498388517
385173890
673019558
199578615
24644109
696418307
241948067
214550958
279365169
532311607
182150327
420108920
609953702
67654866
576507992
89814151
836786474
974660924
473573716
607532153
725558681
547652201
996430286
165930146
220908376
805313884
133777403
125743123
571096699
102557970
862750656
696488896
597127416
78958253
35997128
699501902
759591160
43120023
915255311
693788612
192000867
649231521
298289059
755608700
438096029
51392604
510114071
198419194
64668107
378797256
99213071
789357677
838331243
670890256
905392117
235691944
419407221
492247464
418490669
617519129
801248169
913573975
945582163
542000317
448841179
647926720
342377528
704236365
787776757
533937252
564940586
818250102
739356791
756272595
722194010
926623394
773365194
698271362
547903348
966444929
150572510
872189136
804987048
394204130
105278864
698966821
874730911
833788235
133994148
238905111
997617122
143922241
555025764
120198732
820910356
489923238
897415062
684213624
372930011
108134670
169744340
396960006
181423239
639153768
654707235
317166982
807569040
655968206
942644867
895905315
143361839
820913590
697156905
108747962
811934004
119680712
559775566
274539747
716623609
242590845
788200695
509901023
969900576
638212655
489036440
890738886
276681139
749933718
562471703
767186173
439815681
428851864
505594419
460679875
62540416
106047922
594565941
90879476
809233027
628497446
211285047
580836686
207402829
726255188
782604912
25595290
323297460
943029397
300501275
233259089
693949112
308257555
992408690
170245283
742868291
153696833
143687109
13372811
406935430
48745939
334936798
249991357
308351073
696856468
213195168
406574803
929378803
954818112
970139494
241471276
46756566
778915723
416329482
388982801
665104946
578697099
536136983
718152572
341527849
164945175
196623928
910801068
634079616
639966319
384571002
649106716
229733230
489260302
933522234
89216044
631208949
748493605
984372947
396749715
542704242
103447400
541379074
363215532
870662363
976029872
460542980
434878358
253558183
153447617
948913840
473792933
585042077
819822097
775622614
162337201
873402067
749262478
615362821
524071537
27690561
454168103
825866825
628644557
472406901
951146804
796053017
753514695
228271405
488584129
2311323
975100143
56607146
808864979
309464666
727785979
938628521
803122914
398781044
859224900
110737746
718571021
494461116
173776397
277464477
250770162
91476884
726362776
509666636
620038815
528373203
328892637
347243452
390207632
260272475
816826677
392791300
92906337
772580287
822258204
834428421
858262078
168500966
608689949
70699573
34784446
268843039
886469880
381279619
366662291
206385663
527935739
76406701
319304976
286346761
872352924
52460136
16611608
346138206
803009315
962526393
263089320
803641992
831810359
254882901
797221733
669084892
821856152
525229741
213204505
422406957
167913643
743960346
391508197
438559180
82774553
368273626
65548751
358230167
205418482
919265959
843470477
92724742
479187155
554092145
677970161
533298520
160888514
392520850
286013171
797423153
513818529
211852750
463586432
594894027
906161784
196011936
786209324
453439456
214258229
591439198
23523669
67918930
48382850
58367301
135879971
492773625
895961802
496175935
896895156
659014299
317878780
999831928
807147200
700512458
60676681
806692333
759846809
896358939
858944123
355777525
427054134
119511862
354687398
440385020
301573545
949138146
354109723
232294437
40573522
261838961
994447778
154305841
329505863
120402735
411046322
679211332
685589037
315717837
119706125
607716592
730687502
777147964
492980029
22789307
458963058
948889222
802444108
830993687
962579789
867907138
482031390
70426026
393433609
489134946
118194335
526489337
710970394
941298429
161496280
449649199
624870822
96526607
35202739
47019957
389556728
745305027
938787591
700367756
943205628
593851768
205322947
417871603
324171520
408242215
435212690
328913528
19388668
981596267
126084107
811942072
753911358
683396412
833064074
685754979
819446558
29003044
342690796
628543233
451168244
496864127
92609612
530983342
726123817
817493657
767695360
81594816
662134278
160756009
57533779
878260639
82825507
151954192
648717834
919527413
304226484
629382592
215171517
856964569
92098043
762836669
641991519
848771817
727615511
915634095
79005187
283722776
589585917
324251479
51375109
542853984
23691255
547590044
480031483
186409905
244554949
974036748
736265507
553486843
839281419
432230809
412544660
687925357
758496401
396169812
910673462
727366635
678401050
977765302
602850080
272956672
513758493
889655762
295578665
297466121
91525296
477770798
728220992
567930918
448520149
557281018
451368151
199755823
357341872
685977181
138016540
75846320
867992627
363212078
533220320
36534268
346453775
3912458
279682649
848791270
408358977
495489386
445813483
886024448
185171576
434536151
197934792
897561893
188830025
412400043
638870532
355136472
977556663
921602284
845627463
495549422
87659830
630453583
32626436
131328460
417349709
728778913
504459851
851440842
397308041
65690384
700569587
604089738
507459178
415985674
225842230
689000108
485505669
992041727
889734337
326474704
362625540
352799490
861967101
450638687
452736457
55193565
193278668
639823477
648748626
34314897
638530441
847470258
697482042
420378926
622366191
744821089
959655174
200551794
104460139
264910156
175411706
788765553
236237822
64792148
422313892
960192837
419804071
511300306
729669224
5670680
752440536
766072049
261755812
746182139
920840954
191773927
578251263
927842436
732051250
819639934
500955359
594537803
625207913
159591917
222854467
463150211
588690640
695769764
807112054
175111203
499387566
840877844
469642498
924626914
217141225
354005143
895684853
757434047
944209336
440231764
760345040
996105518
255089646
127323151
719393311
657080906
270876768
241864427
95793647
48969751
888400187
894479019
160035373
728186775
785709482
771772114
10903976
759414927
63785796
622521275
998814024
637192169
696054913
206552948
593878874
748647553
260580693
252585611
316014421
541443790
674940991
50762919
350867622
64327575
609366669
329706771
505795015
162482138
477816860
734648617
963916828
49262007
53765080
642929599
894615003
460975922
746078829
299469309
396872589
866549639
7400559
242467265
481809315
341127545
248759999
408443688
230881089
899404267
187111118
603749311
403729940
707158731
170003500
954595396
602955423
302040001
766020660
12132978
866409878
842453859
653820154
965839336
977946490
148103280
997253824
893656651
331366216
121552594
80750503
555337567
587291035
186112418
18332878
486033277
937678210
863989101
353815178
742724506
168722706
574265531
650412271
693464849
776202105
946532254
802533678
159910252
690757183
535299636
808979326
770539367
672916786
99340341
731657243
588583590
294645328
242830502
45697196
690120430
510744329
121501911
318980663
215428171
939529291
237557169
476056040
734958816
392463550
480804500
14657302
545093004
977530218
508866548
498146014
521559836
74336417
319457681
677072172
916845291
341646162
749381413
687597161
174031854
134268805
349675103
677640385
846088454
589494799
711050000
260879155
799168429
945510258
825364405
601816572
131335074
426112040
142984174
458908540
331948810
658949539
410430714
778319331
292592668
757962534
380376194
620315366
12982629
818447748
140930792
287237381
318746049
148983907
888061386
624616832
6069547
538760998
220561414
346817053
23951608
317240269
873497194
2929920
781340682
64908850
312008737
567841640
818851375
746057294
400292216
315970107
326659873
395413346
598049028
850559901
552971629
163296995
440369826
611303652
250947996
645642154
182976118
525276024
645185932
483570186
69978318
802939271
424202794
116069738
433201516
312685986
217272435
891338054
320403159
298063185
613808247
895827268
792072891
929445552
430061315
708913838
154451665
566855402
802982060
366861738
597046064
67536741
1983380
60112710
212487373
707380626
891365778
987762023
546377941
252320660
269855768
965209729
108774430
593309754
62414254
605299292
187525435
267753007
610017783
288766602
996822996
207084196
896390050
718973249
741701753
601744136
15847090
205664770
89427923
228515956
420178140
601918999
64449596
320316412
466068985
551353731
730791138
972889835
109007143
832447148
944498831
948103007
427909400
863706523
79637736
492103333
760614715
813514086
751411578
626502828
121770049
537468772
848048476
77848740
962629954
456612961
90176609
60827893
461150432
437433525
310395027
666217276
664588282
304874115
495069272
473451112
295727971
498228859
166493717
950652074
231981502
953493261
801040990
987624570
292930423
996846578
726610626
526413485
691264006
770154349
113130451
648752650
281510284
679804026
734721218
550752762
645909394
326647283
150940241
473202526
572384918
226262854
866066653
391781251
380976711
192577383
716210831
103895296
214262646
127485045
344222288
293047423
738538654
299688455
442892219
695423251
699920039
424098458
35653891
246402963
649387275
659877538
198316025
262389788
33579006
328843886
289996672
480586772
942258386
517803275
226462634
172364813
64679156
35167315
50086657
8317316
331672063
282730186
683026626
892638304
26007155
992108291
600328322
751874207
387442017
237098734
816605095
889636386
762912387
940300100
521113273
539172974
668135195
431646227
111005043
288579881
17737290
670827193
131387341
677408570
56824800
699880794
38232101
179096732
152198633
168830780
873982348
103008106
98131175
431194514
952469023
425652505
833810387
878392303
621273787
735971138
275995387
148215230
476985102
736073450
835569126
354466735
350289543
561117086
381917998
670751233
878440995
662250203
992376155
921316006
919393230
721426804
57618696
647072635
298961521
780650139
71285321
281917513
443079743
259761344
155215606
755962543
404231407
621579516
597301345
54200653
544340310
455917619
220341160
362337626
88878703
118712069
806484873
731841613
380932482
622562659
826079415
567433683
373921492
374443137
116961344
637807628
963686849
560282930
575968576
201513916
67826983
646804752
608940774
751356389
93401200
389749080
758148842
944601589
162243870
406143595
661826920
418858639
317835614
730623339
281774139
280075034
668759477
802896173
164550325
140275237
720131835
973605193
317388560
183294336
224836219
501946080
224634793
750377778
225460737
616029649
542243073
749932290
694530260
834753272
263275479
295990837
909910853
316767689
226360419
575289454
25521427
848085322
691723433
10758168
439748342
914549758
458451307
929206003
213033283
427915650
388532888
6110333
266569713
974513648
205582580
858919357
410439978
475985855
553066800
81349148
476261031
222536160
532009476
625395281
916886955
646404998
727663839
218712985
618483407
285491551
126229308
705315303
228998899
829892449
418254749
439676049
42243470
887607375
276778978
930181501
879960597
283485426
394068599
7109404
330994010
443278970
911919081
508649340
993657355
469359961
876317103
723965789
971648694
210888818
149566799
982407646
860457204
756814413
638983818
750396518
456956727
873117018
753489535
325538932
382109717
488322337
479716101
546695312
906399381
407143621
825674521
731582091
264933697
732965743
509694437
781082921
479694286
259196705
530090354
496508670
736232754
262778622
779443925
192323888
264520978
380465447
24139655
663615538
355410250
737710604
816015078
749991847
779394440
625307114
298185244
278051587
620503007
561098837
683410700
366004548
622040442
383897055
861237661
309104554
219721469
461702139
457821119
370615522
2408534
375792984
125311457
263327384
486826338
41271469
678548413
816957660
733517032
636478184
717231397
610878726
888637196
511802202
860897443
831081045
981414856
544463010
836502181
460116206
422018342
190407975
782038565
391613514
647968444
709268836
192391089
546589309
173662486
360405657
647397141
338060793
152791724
987651
148119019
314033872
247880879
202540333
48897273
312970332
315224026
357611227
499923783
632664039
794757090
139526429
569520252
840067167
441787788
100896779
42115909
980926099
114523867
419511380
277624430
885755433
13198528
298419733
954734993
92909430
888143646
18524537
654718456
61851714
958634236
75662994
858368199
411730019
72552502
715814052
464671139
721647785
226368247
107298534
547068805
661050808
830090647
536507047
17777138
60064664
627902996
110860110
236020260
401489504
469739476
169388913
775500574
569231396
116817856
556151483
323395213
758139904
935533807
461611647
682203445
999140667
821008826
702723420
846146502
850865532
321777627
51825503
755515520
178679225
39441885
800195457
645979154
910022724
210447466
722346657
71526227
845589558
218127920
656339229
840316555
977015789
803333511
864985847
120669241
694784011
859764106
282972706
937357348
594069570
360033962
469134743
806236273
302085105
343407953
257899200
973624728
79556561
11800004
997179056
9109701
238740292
91651116
383150494
15823531
601734672
436301398
497594713
566963393
928456676
139774377
532906628
547042605
202731305
161709610
981834482
184152808
312711110
301644270
519532132
999937929
303670180
445745118
295248167
944776901
759582278
648796620
26370480
144203360
337138356
450320374
284323036
387156463
504760722
45559522
773770370
660880181
360561757
511766248
182546252
354700455
913154862
853488463
836848205
32303383
491218892
582426990
38233198
223405491
126927663
487262591
625363120
972308309
140597381
841234900
218946280
889290029
323615008
100727413
894498734
141637902
953795620
368788555
732372848
813009525
834905238
250840835
377376210
582261913
405360078
761295975
806004806
436695235
982081243
194911505
954504954
825634240
444752529
905391659
390727782
622114196
71760069
186954598
828554229
650518677
132213105
27949646
410012588
763622540
619502932
162670440
748423220
263295369
812316074
488032007
582955353
584285602
815885982
936126929
187647999
824931656
712739444
328663203
722470060
671624443
46037570
182814496
138693241
944750717
90533715
312215143
819866653
238493202
973281169
538227579
892956627
288126877
41337016
994703712
2253670
902399397
243201290
326269906
447330593
730743251
370672852
661074647
568214273
147046347
590264791
704412383
601361778
692343996
896798382
545548828
734984867
423473431
451054614
921719750
519471609
705801697
129799976
45451689
209967489
699090805
236614177
505171394
151475342
683861993
13435962
552133558
866182484
82273255
343084416
414069484
135334973
263965969
384705474
222730300
820188223
907879959
578179805
400920644
912756678
13189217
272285596
718532717
226757282
251212335
246297396
763370328
348179232
596107962
266435489
420289055
498052536
148584322
229069077
977228667
256163944
289273316
221694359
572575547
800479812
882324866
683494363
119797074
598610025
644628640
103945167
828306560
212365936
56231331
162056008
898839217
163603010
75534061
125191799
304414740
493511986
791720805
239244340
981719479
347863107
795124371
271680398
569472910
487514612
989998973
610245267
642257624
402827786
744662314
747989720
273347200
229550836
621074662
920827897
717054834
9052608
65656763
807685130
483707592
78427911
687397765
161865752
39004911
463257275
750712446
16074363
722596464
855870852
277280703
309687090
100377490
767428808
408087847
249628767
999562570
969267859
489365447
691042521
982389497
56255925
978904680
355681353
305612426
522115368
153192697
569823424
22475611
430819601
256175939
683960169
28338091
500935052
521197038
709611966
911491982
792287319
979440793
156852477
79045132
293927488
752681250
459586142
90552810
408626709
610050377
752788646
157514268
409391374
480814796
924862512
907473410
708334389
514563853
993767715
910206621
629038316
444286084
615330975
386372475
441503441
489479847
642156197
24444449
522712438
238164016
364829854
865117532
99110577
223379613
527191126
929172926
195300924
531269485
305205306
307155365
440598120
817385555
268810175
214144078
149423502
255260791
459951485
139885300
29573053
716353124
378415962
818709437
943287032
30688717
840591866
650813772
722989136
284693639
619896027
439424015
268185838
169475199
334445111
73499045
291200469
369450188
97165479
829682920
665086496
168235983
445116993
594991910
22906362
70824531
966798150
758865467
665340645
919135202
679338332
468457828
986580714
928749786
742332262
239630599
572034840
709300187
154643565
27084948
788688877
977348196
486334664
621959671
474880420
669407493
353603885
573837580
998128216
894849824
215496244
644055717
339941982
883892578
257321642
237153643
989146461
606561863
826767897
425156767
28578386
823607529
544229792
54884043
598732683
427289765
695739732
900033113
807154472
586729820
305725777
253261862
301739301
875166333
81559451
761740285
959176265
985433815
267497137
288770923
220679712
711844497
335978311
465484342
531616290
242228945
486654119
552787842
54799290
769782970
228353263
500017
971880556
318503476
481220847
241094398
820025992
182489822
650175457
406896754
213926015
86146125
12036392
951428551
79860526
408167380
231399550
24035290
959488504
784581496
416853361
114933912
593213180
241660415
735548255
702597161
811291292
956384346
401508962
725634990
829706123
918771311
96348581
149996622
505446944
434324840
362042559
99323735
829640915
259771616
449168787
85052681
766796976
406100800
981174737
46932715
576254706
913406555
385014744
615928742
427903226
482850592
957732966
242191306
41218357
256499186
493109215
226208944
21520380
556901877
597477142
274828732
531463249
41398412
539650427
517042730
117664009
291019941
412507713
471767015
139330348
316639493
16448536
842568819
706144869
136757695
988288379
161728667
747066375
14661994
813523259
296520539
735388710
174831235
25646996
592076422
307755684
455833908
824382657
709954404
908042113
288742916
964682598
119824859
318489053
792244841
328680515
321161988
246553375
996362220
882393143
180056845
775643708
89634383
146551435
715473039
925446210
837305715
710611566
720217500
333040238
34461752
468582925
793877942
390560798
843611887
510628793
381284399
27061502
952821291
695525466
604343084
172078310
431780979
990905338
313659648
122448755
113457565
724724186
574446567
578602586
581483845
893844505
612352380
534950846
335068717
544492693
616151365
190602215
578549842
841642038
988044066
879068998
262008656
444793561
23252826
290544504
821077448
191921674
409054069
337065830
828370970
810867360
372923096
306022238
476445449
642410088
298380750
752455257
738542499
121846894
216165943
347258614
335245896
743293429
290364978
598677604
951837448
136232166
884612003
941377304
285306922
441974194
893077319
602420431
812482572
20078503
883467462
650132323
335800647
388266836
85676366
783695607
927388374
812344769
924393098
875436566
719562208
857249991
161815103
251135259
193242130
270505403
236560891
695950772
170137139
897152376
487923342
364615609
674102220
784492559
418189830
360381621
85641542
945546097
562389334
497976102
331200772
729416249
329812962
71921049
503951037
763206598
341558074
149886071
437801068
432911120
398141479
952954326
757598156
512237463
347263386
906668672
93849957
429701520
264904878
275218362
281860008
554298974
566124432
485209313
102587036
949149732
134993983
561927103
64695232
735033309
422686741
91602306
966870609
322995031
671923804
697940195
957122754
125368231
381430313
43549219
574152437
766451916
154841631
141749844
37519393
241435368
802544643
600770634
818371732
329570676
709368169
924550284
44371420
768952496
522350812
370695044
497871359
268591367
422598265
657543612
950703130
201344707
228930558
794226854
149248814
687695573
363132954
577539673
945175893
482591229
420809058
446255337
678134083
648965609
56230411
986448760
700422028
3484761
244954637
507592620
297603206
429273017
581497290
885472042
309938742
199148810
215987838
247603473
754564455
521641983
594638798
774114049
55602580
362722294
888613669
496750709
864681898
186136436
788480365
352219816
327968167
218645919
379990963
393425962
420295633
250439314
27204673
234110184
690018549
561994152
404999126
328499641
927291222
634726108
999501292
539053365
331014587
593165078
897041057
738104766
436787455
538296728
342649663
514991753
649069845
814355738
468844419
436307505
387761543
87736172
571426010
795839384
210203105
92669356
405158834
805908397
16120082
462905248
926846028
742640200
280420847
865180355
364230720
429084356
159142665
419433617
711009739
747741399
92367249
907499186
477387128
210541495
886190687
661992317
366216912
932940929
832362370
180185097
52004283
969142507
155015547
204476704
535719529
118307246
640699134
872896823
628421132
956969670
738120342
280283411
283570095
227745387
44559208
613374342
182346099
192733711
199917437
461357242
679846324
144417155
536433158
804747236
333882428
177091049
743705503
542728118
935669240
67139212
678303954
646908692
81158856
636355751
15868283
574695496
60659461
771948228
781718209
446910810
208247113
92909144
673674300
96369300
633424804
601966329
293519701
87797938
215325949
165024526
195752966
341438975
135135851
760945558
360097438
271167581
972912976
173905475
113841833
9640144
594587722
675281262
206396332
483609369
615288355
751626997
250823691
942133567
521553388
566079547
284529296
190106069
366768507
140654523
153968242
221601224
878095317
978683561
835142788
873447007
458314316
100382511
465593726
76243802
564007133
620093519
708950945
521232343
1344257
410480823
81047384
773519474
17109413
359010575
274170712
894598677
314366418
700207414
651875914
165621031
993827802
486117678
622292176
603589453
499415716
868655758
77471644
251257974
766473879
925204847
92889804
874527919
427324440
9449847
943192992
323147693
773728525
136948106
923444756
765996451
500350051
576594842
816495840
767346105
69011111
237899955
974206267
423683333
817414510
866228881
906974142
886841515
375477044
397594896
208498830
114365720
558497730
217904963
494383762
399389153
833663070
507642194
979620004
225389584
822578835
207587976
605521769
923363177
458527085
780201877
779024115
564725867
202273487
709661809
252429200
623095684
802058456
555845938
663006745
452875525
706154954
535561681
252874858
355882444
371571217
826730605
432822804
751319473
755807379
483919824
648861179
649753485
237367344
937326621
715000065
991659906
470713954
639494899
969543153
283976000
173930887
767075286
410092235
154181075
51260583
256925038
428253064
305208698
461017950
832645458
212986368
969991387
308139665
136740162
963341748
453032945
732772418
674416376
16424673
940534350
735039704
229594287
933808076
952606827
213524277
366726397
191155806
840275208
671985437
77751432
395048608
259112875
359620115
406692090
741442928
865510295
544415735
300187468
204852128
972185079
346185317
123642296
257562251
609243902
74184015
724724422
843074727
127945634
675522596
851066689
180497829
448636565
748414939
129793308
480330691
172012683
439353552
800635066
447737241
384900362
453354995
250910688
803931073
143990459
494879993
604133552
563238552
345137203
499392471
26162549
111570979
793754721
476752839
626809266
467261512
533198744
481778212
163498135
388089788
164943674
490876154
165004827
497727435
279488806
580240984
534805956
697844885
226544931
263999348
817347892
876790353
516558136
27060732
565499571
432420401
686777800
474517539
812260432
242643092
4424929
145667100
424220861
829920926
959240516
815726187
570444135
554824218
326629497
691327553
791154715
870923212
560958961
208497192
184844697
414630935
236204669
53655290
3058115
96040671
63940596
187207017
428090092
965306799
254552403
436487119
947289703
199623386
191350094
207421378
382444582
810019937
985114966
847361165
76319597
253911599
661455694
568218720
735710451
622005073
820788071
777812421
745856871
186751275
186019673
2135990
84350517
809795439
863584219
468731972
198690180
693660875
483727820
576806081
323716087
68062487
206051781
547769230
582792676
633615045
899353531
404984040
22075598
57525503
774306552
998304978
515028797
191064796
860379780
611788986
421129812
121262148
581566182
502381798
731443085
620000234
754919858
622419739
343763749
365113491
151183956
413222657
603884277
900487978
376864056
762585543
299482706
459820352
318190350
577412425
492855856
420335073
987296630
264612318
429752849
737631773
57775931
87695637
785452115
597689586
808465269
400339257
257681172
545160222
832987392
162150683
885950102
454506989
251290311
648386684
7562996
288586063
329137104
448389838
580748362
804845845
782755627
79397338
603209268
164690439
166103961
444629979
230903740
892122769
982827251
622506324
389358495
540970180
84092668
165406374
116070308
743436956
155798595
442907766
239762119
973944043
487973751
200469963
745982303
247336695
792652946
399950319
110799061
479363796
44758659
691919223
555937481
126937495
521181886
939050865
864031998
248469169
613710662
523520926
470811436
437272531
157694726
865013207
95458620
397461207
649506672
332276275
802564842
767263449
76297667
635633410
383168228
254718271
839181575
142174694
151991362
919236994
350753721
327130574
900729970
826523481
380705430
678322915
116929149
216360022
518837902
7939916
920584498
831340431
588427056
630738443
631399735
130285317
244834962
855741057
569404217
647517851
249199136
109939959
194654486
247719844
214601769
13623294
678514918
449638555
984032372
601360313
523063635
493651373
725916170
566517635
383916672
210122506
569375910
735846518
505769045
627072781
90430538
628193340
373803295
923408080
905538895
707931801
541336894
357853640
750452591
48823445
799939041
1643889
33109124
646739696
547196562
366868980
241625508
446254444
714311314
190870274
346717483
140492435
312411346
426899296
62903026
53077232
100656281
715418598
178070371
912553399
648711428
165886342
276632155
648081321
685471849
787074692
796150568
885007689
481402178
919615754
27769554
404140618
29512735
76730850
560663830
636533438
496605995
11407983
54322021
669936771
342845735
578360625
898115270
584777809
863779342
690895721
460023690
76318962
611525343
762991703
826970052
588417287
335351607
988054923
306543584
649459025
580049326
765706852
947699637
246007295
37060651
170402038
846156290
771635955
77012478
933872653
831878770
103449069
124739151
17390274
8719919
243525318
559337594
57467653
334764240
449567380
359447899
996400053
240989137
559267475
586353414
841511772
656921997
324144225
960781577
510071793
149109377
273052996
437733634
835594547
280566510
145331716
505707127
900554283
373901519
160280279
9166889
753169866
964008635
749792333
293473899
173316482
593167640
431311537
204009955
990218393
855274527
872656674
847133476
956273514
777616093
397014885
888220781
858104880
377815806
599592012
946770269
815664078
80071256
737363653
738599163
356018436
451843875
977228351
773969039
27024514
273530649
393180677
342134328
579896812
101506835
126704469
22591966
427580499
782261144
852626963
984469235
699926238
176420436
58276421
726838865
827434708
171455164
37534907
965879728
763294090
220498112
277493248
619975590
280246396
921058501
816387125
459591479
500258345
637602285
534775428
690741953
482907790
808619446
213376243
367145696
604315629
617656260
547576319
814515951
280432861
776271994
959362871
471178169
770355943
564088607
370909672
168104198
707871113
549533849
602024388
327653826
588729873
630460465
212119481
995449276
789811898
987435849
327759924
896029132
123980047
510700824
525540478
390362364
996427589
262103476
187881662
831651374
661914283
563499833
658720055
508385072
216877793
677152066
371310638
814977097
842784179
230336300
921064848
93219816
491462814
142546663
392528810
946120409
21556970
218420437
565065451
999313542
105024931
971032692
269313869
390763208
465087520
857676370
81546404
664208810
570976699
332307133
586220779
397881946
209868168
842341998
168692439
868465803
615281314
476563763
265925806
899325528
319603263
785527842
431032670
950550631
244466360
399501816
462200193
344746384
881688373
702430455
166360108
990309750
108215756
25505015
83079253
646706527
476045837
625635747
71508838
641090917
683487414
447702468
498754218
844780392
846284366
985491887
383737613
61362313
442684812
563770543
73773179
415656578
460590337
649185951
142643224
79333232
218478613
103262770
762387877
843432546
978477583
229982768
437091384
191733660
259947427
664129983
218901876
622574168
590144559
401563249
260357812
699872561
393476063
808730312
333912889
691848587
88108572
244672106
293974826
808163688
80899039
566065577
610207971
572727618
798597968
412705578
766522192
539883160
891438545
534559132
535124056
386257555
811059702
150225995
252090968
13332655
179064300
536365132
244782218
191910117
774769511
261298758
172932782
428259878
218897473
669839505
54861825
989556682
445955552
345146711
141147903
740641420
182190287
204021993
87213870
838946150
868455177
733289523
200652530
373565831
339947430
31454529
28365843
224585973
688190975
18917359
737947768
714465796
959456929
189638299
260573281
70803602
527129934
862351713
742524217
249509215
184645494
811047814
260823465
698293500
691210276
807049784
782737613
688460275
878862660
103920208
360444564
266450727
611156727
103028623
211383382
994925315
115020534
786982656
901139516
919886843
12349713
554118453
747764482
223740095
288625685
23390228
40069227
880541886
752001225
311114873
556609092
59898559
374868668
464735034
845907067
797491830
725907880
850863267
181660223
979261281
16426540
498125515
60722596
80473435
410738917
901993221
242510076
632510664
174850140
192698584
205615669
112729072
182108128
138917993
540213462
134504268
598653701
32192366
152229595
793775435
611771594
959970177
398031281
312126236
121733193
660557827
573507908
260938631
60618031
458365001
896925954
188577110
608603110
84636194
978954688
214919201
569645077
887487229
582644131
606475439
140947311
613156425
758348
365241843
824228818
60233529
446826449
785756046
479324529
507532143
111879541
974043529
874375347
365570874
959972835
431294331
219489763
444420202
44014573
731207577
558068278
778649021
40860251
556403501
119831328
563196307
840575428
275813653
364760029
683889900
874340732
946872273
53581188
306641561
495572393
549567260
433961606
393515365
317745125
508130835
625022741
683888666
681558982
220899950
230924010
747746882
371864204
368524182
812471821
802120151
335000764
423533716
373013302
155290037
891315238
440707226
772011046
620841025
119572551
796277418
876824194
839700
590459550
944355532
489751650
211148728
762988532
998793307
616991298
180648330
947902922
305466261
665844284
984988686
696256107
257150788
241392378
826651633
177580329
709712670
654954840
615685184
867285711
52071735
100058696
320816872
374976486
82772317
662079688
463036262
118211586
937992180
699235397
57865102
346999098
840197524
614464240
314250174
708717295
852813706
329534071
62809719
598305336
790766462
543931712
39071221
846428478
931336148
160420446
497651581
340187233
197932469
266957153
104783437
343270909
533992193
433255795
929841459
746436153
198672351
7928522
645409789
786020464
174551521
570397224
260861875
109050605
751768152
674753338
945528942
865932277
37193441
97732467
21043916
217516013
533458557
932066135
302301172
899338923
525309372
59974320
350320174
645601582
566439756
543332198
706020187
869240037
434816585
724856562
427877500
379728068
564665787
810108938
385331232
89069214
671314393
168572872
957644904
536367878
974343666
832056583
194306219
579849625
213952365
97852407
859226063
164229732
497099030
761770026
883382684
192947121
289224948
507112881
230749059
754215130
550907596
741200985
676929339
332116723
549659959
175419505
206552264
844167367
547286650
827926624
857839502
786125013
962098839
914480030
762614869
713798940
181605384
184903587
549923272
180096637
201987147
965665067
982549866
335193754
214790488
60940991
421467491
247814615
585008768
83262771
785437829
954596679
592898590
471554032
326307932
458861602
23836349
838220863
497618087
68231197
367746804
958832948
210954455
807173474
866902492
317085087
825801653
777856955
38121955
547783499
243956986
826883632
60580036
969273939
826929860
544895272
130860689
685585735
181178766
494191202
663992217
464823774
244231276
385273015
162089213
289556114
656874732
940128695
375381080
533384597
19182198
274877156
723135477
9517752
734650524
927687155
359462919
196257858
538012693
491984069
339294142
927512252
474511189
174246774
321996424
207096722
331361712
383424431
500942672
907939024
337891398
831525288
931344095
110015231
996456379
266072122
21377750
270206711
899722415
364174930
950494580
840228147
120000348
482476257
499132465
736137307
775226223
999800255
861597878
362703869
214450199
211985785
390729764
888401171
993901851
52193342
762823374
704051258
406897216
621463492
673896493
322637980
530477188
735854421
178356857
132660952
34209375
905474589
472012706
345797092
392104923
325611126
942482937
775404642
566748930
348217249
126893722
235378007
575913913
453667955
357643269
245841577
295922373
134855744
817335275
55104248
366981342
374821529
396864531
635483898
776284316
270265834
963063866
629529077
518122673
733901254
290822235
702526982
569351633
43553380
522008982
235619176
902678024
819640609
251020805
11841838
694440652
280697702
212062205
663522246
4830498
614271248
881964943
135379506
921188194
166327324
643951270
427544989
663674740
772271051
973747515
197615189
264688593
192218061
90913047
911844379
902708756
89492494
586132988
165117917
355640298
383987305
144575740
498076406
8536802
849327646
541740131
893609421
237913781
748545456
508190624
244159945
881946112
692915382
218112712
531547627
965988083
691413143
487461013
566736418
894288573
196687224
142330097
930661333
789704880
363647974
359961743
939003148
518604082
961158963
93516909
722062180
954819358
556382534
665152765
837123641
690716839
117685607
792317117
237705515
541720608
528139505
557578257
954992098
201685869
847974127
248712891
825653827
194486365
825912340
49460350
65391740
818418743
690583418
959793985
947770655
815013454
226373814
50709923
495498824
231825289
813563431
10304384
145981339
880155970
596726726
881575534
730639156
975832509
538065416
523548721
257124521
959619177
995423358
462348560
184403655
464614558
702197877
400757377
552565256
444083025
170067399
865424316
407233333
793418627
461522792
701479111
697788654
948588206
232011420
92653517
994210398
919418888
480486640
526868697
52515363
763745405
946469595
398715535
844780348
997740856
402763760
130977693
803926576
933956883
544735260
252542871
127647517
226062453
450654991
223052906
538115981
207807380
297483030
10482676
151785317
620184153
752028035
187974826
239790820
865355168
110679948
931287162
837480478
367364292
612605882
278042887
457334284
213379305
585530710
366435644
825674533
927270462
308019004
17132178
796929686
549385161
503669926
985453665
668978450
336958291
880837899
432143210
563524866
706743046
34768031
935802043
77090413
929003956
137357236
120135798
694007254
921162209
137820612
393896161
655561601
987994900
130841990
178057461
371363695
202156934
969279543
220221828
175324812
503484980
152945337
190536689
995555915
61571415
833713433
511790264
163256816
15413756
884837302
413135349
489467393
873732582
937815237
648834700
948899183
545381107
66160996
225737424
448436095
763032653
381370825
646129232
835451799
592613155
536424160
381879175
777549909
22712073
763590074
524482516
770462435
656639873
466478362
811496273
272784343
361280512
682588974
551291186
825309706
116410928
722445805
483236978
573434927
705383367
370734251
124073147
267864251
108470131
109506865
511928035
63754426
325938597
859879947
713104367
891431150
30446052
878018198
348062326
831992990
935083093
540044797
203851963
51430580
828085554
170047349
612155298
112299692
983677871
437097247
489017173
817683445
222401236
375620041
979817869
482985092
344364818
7526485
8891837
7369930
784720523
370410279
322898727
683282300
476344070
127149794
247661677
988299986
488351623
456618725
239604113
676335994
808630161
287513946
720600090
581816778
402443057
94151235
858247100
788967528
217491983
137670878
903508657
884021515
97852669
856658848
85032041
880140874
237520253
436317708
651142927
856187700
524113990
518394426
20167873
780323268
650586191
880008466
899601244
383439058
169953514
272012549
411189749
4482514
904647697
195244538
261134149
151663255
689708836
426675803
673649515
524588867
329310616
397526134
87169286
440846470
229897963
909886598
216461107
315724225
243290426
669519250
431305286
602965565
207634728
742961949
255331003
243084371
714241115
356089762
748762037
741446499
385497420
669213817
522072404
231505738
33545901
569170666
583872224
598861080
594940401
606905488
359716120
964978478
936058462
520014987
133744764
986463494
275735104
351013318
852003084
980345228
398892833
613887370
741491371
358514494
307417406
797200130
446552829
516588477
125921083
298227397
366388468
180554647
89826123
140331128
21695067
384483174
911293662
473393542
980386583
601558544
633503579
143905221
759309223
411837414
395679815
812458593
866635585
477383560
816690473
230825003
463774185
90713632
491047337
640720948
384154895
449954878
221902554
411887461
2129892
98250380
437596758
832049591
831421441
443059522
798399059
124085186
856187850
713475656
470581161
985263841
332410592
416466785
638302820
274681711
413476388
957868191
739576032
777931961
892926819
341703990
753743115
639751154
26376725
770815575
536127315
831714089
178088826
409896353
98923209
463987367
681494103
388786291
24048869
36137003
748587327
263674323
871805457
258026544
840363547
391652274
327951502
466691859
870190384
854636550
985386010
464522455
359807434
864826698
189649668
353107002
892665116
906568368
114391438
145382524
709283324
710158146
404472741
494975356
293069759
385660510
715166563
147106327
574755589
550686402
162674231
562592952
223328585
509819334
527363283
278237852
199526374
654248267
27762440
42349857
352011883
224230941
185961488
354715657
161358941
275135588
378174075
413298798
929225530
93765085
682856938
188688258
994678816
273185516
620362157
423495864
289805406
845074153
942213603
145427545
932381711
657111925
658116402
111586398
765418455
456649767
6660915
187199226
335053804
633107920
830692542
407411747
998719228
577156479
600696882
577431583
925554017
280593233
609991652
848786042
796264990
567728896
495734693
950631497
194374682
286705929
299575996
595437633
998408265
834996867
116343345
432644047
544038384
486906547
187859219
749727069
636959005
545920274
53131584
590226884
504138809
68983951
326041497
936103261
130614391
838989189
543689925
30387468
797838601
953494348
398170019
76084994
680536463
76805122
825880694
664452821
657794987
557730081
863986378
979858042
30463976
725176490
927934570
440731214
656491225
871953843
39147551
80895799
226046457
402475226
166981759
800846329
763147310
835766631
741695329
335435884
179520758
874330586
154087479
911082960
228317283
391819640
386683064
745872136
232162896
645121839
543093009
999218708
995458390
607952529
515645839
679041775
458255375
112198516
112611971
93716013
21503404
367406264
656196541
996340259
203107370
73068059
765786139
468069807
224291845
573465090
970471584
880664719
565969869
779201176
239725639
456072744
156785110
3041822
211623760
202362615
221852227
101668558
667323717
777295301
611795462
543742983
532408579
699894917
398221253
428768462
859789774
808993756
4727094
229888961
904771828
741211179
713379032
681720504
358946500
815922407
406807973
398090376
906070499
214724932
246216647
51478874
272690531
159870704
895074120
56719312
689173891
594383960
579076644
176116094
439294200
780597869
985339447
56645900
482411987
986977924
908200065
572468698
266869479
543862173
627648387
437978959
382748876
372791049
194412052
628929655
51859849
943590075
558911165
117608518
265933711
367675311
909327418
730291904
683066403
722243337
113061059
520411662
820301089
126471890
425977603
65310823
495487937
924022730
496497501
480651927
280955126
333372808
686009012
240995920
190394704
479361386
379414753
707127406
858277612
734624062
371208839
780984551
563822960
375229826
928009631
160038416
788004496
319560228
736373182
255127731
305702980
365781323
649764984
844999232
416840933
437683445
522047355
716783741
687702633
734050112
176355865
608696417
8453632
377257097
401254750
83908704
773333758
29823803
849927666
116351215
163203679
167248238
120110278
185997225
426190722
537270312
863760910
120873277
754890871
51107794
241629764
649112027
751469827
807384403
929913581
165560213
868411947
853172085
647639195
651691151
323990850
640920375
123376910
414223871
602086880
89706377
713206836
140497530
569031605
204997276
159257146
954764988
712073395
160222357
191615334
210635805
617919368
152806509
549829340
326045239
590727024
635450765
291807060
822979452
755494835
742393309
904304894
115857784
911016932
6925574
893340803
2815060
495710390
467284656
27889946
210051759
764873248
740693999
252554469
387769954
103279370
640523531
500889914
424653615
977681698
460613344
895491408
237096102
720887230
428256708
705431923
676593232
5169509
220026134
663203996
997717633
900200052
793689166
518608099
427453741
607268782
452798573
352423646
63603193
372678316
516167047
87013738
177347377
367647045
814037231
413555407
712800073
483429682
475772596
710130644
339640074
938575453
158164379
920419305
994093131
351883541
203212094
928904163
155004188
996873574
213559926
12360146
163981652
76199357
213257
48386068
204597307
876768995
889586556
982972778
180109911
941539649
51645135
443063215
729802474
130269515
877180051
103618645
33862295
434737976
391082660
339945535
522365422
934986109
733715694
231880341
9754640
808903611
830038092
508530272
89865521
922483121
776691013
183818711
478076779
200564679
29024647
445469309
211347015
32409054
232810721
636817627
27435851
785095762
775200369
431380519
912474828
302159086
210603651
45451239
746970591
914575138
177936430
164412969
501284593
117989018
448961793
16140694
158303436
6209316
114363022
531486803
509848400
973704006
822644986
137249181
884871572
715274882
53624
257739452
558128879
824252041
573887709
732445573
146760413
376364660
576723381
317673191
511910023
903215245
313358044
54762039
714586567
863473020
170377508
377600823
120199298
280670384
247175319
490566405
341773421
538067942
502965149
546187107
133497913
800026220
669157546
739045699
346273285
619661703
745789727
31005530
13398304
112843053
915324514
873705807
259956826
843761546
435730920
645067167
531228204
362685133
739298822
866286285
696763658
315869730
731194394
509259827
178372518
998346240
26438394
452779026
801337977
168025025
477937256
328824912
765054884
107656873
387796106
798350188
511072167
987551960
715144017
550817351
176935736
157840396
14894668
645234775
744084187
751425678
407315613
505218020
364792119
517283345
86679451
655280030
93243266
751380337
705656048
623084094
304444279
649993708
511576127
907451
37788166
486517860
387047346
98322230
362165398
401756514
368274191
908180874
619380167
918252031
645080861
18455487
70098889
801981241
813651668
264837538
565448613
210360925
303278068
231442168
146044249
629360234
729681966
505212499
787731879
500174075
700572093
786514386
348012291
111755125
266581889
380973293
721129120
594592286
518154867
846323980
296619865
243093979
174719857
481898781
13691489
227422270
390836127
895115628
289425595
54167000
626375337
987829340
299476356
185314591
839918642
778660411
644358340
71221612
207458976
424015259
301484420
943153441
243640810
326451264
823839822
270151288
233224013
285516253
105150758
709389177
282988828
450439930
807036871
174056105
773904039
456594610
68460780
878041670
128704417
177253403
877537526
669054623
394102173
511865612
61209940
849409216
340140193
119367206
6954081
658956109
420006787
105690809
929743837
754928410
565259572
640798118
843727950
771577229
486066802
443527179
192411474
454188075
278094992
475211891
634041031
557825000
418966050
904877336
183714101
527635640
720856516
437996056
786070345
404357674
639025837
387459022
340758711
769684515
3408162
715574878
351020271
375380735
335280814
886749365
684789692
99660607
413486750
826647477
79911910
225494615
600210606
557182441
489108570
805570511
22237893
166278204
761194863
411442063
444081681
664766306
824339185
145873135
405834934
319768701
849213770
379660640
961150056
802301231
854251703
550838913
141431587
472259333
141615867
71560924
514403463
329378105
604022138
919169430
47339524
913066594
256554057
333103076
873329303
771541564
377393980
893255044
732941125
174322827
903772888
522428411
590472158
154607712
314255171
189356534
368596954
62397844
413172072
958044633
165114253
457402597
466494957
809871969
704888895
54241016
443100590
673657340
602520262
362839431
918064771
83527301
442771178
6035366
148286921
22365158
565072031
988275095
83301627
898733673
317224693
687943685
62958134
256025498
447290565
227400512
898366072
19347306
359911824
719650395
681350235
763232332
908602283
479989554
484947285
609625323
399327064
130870208
915974434
605962922
113974610
315683739
239926494
454070261
249361505
269468986
251674379
90657793
79115412
253058877
886473917
440624205
115128794
151578627
377747886
705391292
219089682
627012862
835260665
270871040
724282257
499782585
698641987
893644418
659715350
205567712
752320307
156650661
946691477
963122717
484150220
329342254
329601269
709801379
475060151
332410084
661055837
529453774
633148218
161372162
38280149
423402028
407543647
465245095
934733957
323162322
178741430
693365165
22217010
701145142
474755334
694514433
816335436
111842755
15542974
263287206
990628185
42000999
946805125
674439469
417916097
753857877
581529508
578015638
745230179
296992340
215059366
96735081
363390158
668952697
830942033
122535330
479361656
366590375
543961788
927468612
539243678
490129669
25899796
600870379
507784265
52172699
605296150
768724825
457219427
690873627
82512901
790058065
343152791
564407282
434612342
771217905
406975261
404071759
811431447
402915872
722289038
263707737
209160116
91426060
162020598
869784195
603105240
552541203
741879339
867441054
227067046
132626388
728737141
67081033
940917845
956182254
108166859
562656518
908263479
550307047
42134925
195406354
548848623
703220796
363826535
340150047
981880520
988103372
201584349
646140951
537302639
999345505
579418266
930587990
805188196
464316029
871907936
123449212
6976462
577948223
431857586
967315956
569080071
840853612
699321529
224595082
973193822
301431061
665198267
154590503
967396675
109946888
856496473
694505926
995215838
844867659
19454962
531798187
659866971
917441905
596429686
755521537
974951401
520571711
795548888
836019028
534508656
242870234
960703191
455576151
236898956
11673962
24631839
765303886
39417304
117973030
177975798
618796983
627055857
388127061
162522582
29448063
810250766
400297052
791778616
383212466
384509590
388800644
546718709
200595173
395990753
316819142
663226130
787412786
7357294
97542715
180123702
480223624
449374818
19715704
33430344
809677975
9869341
636545772
155210227
136462659
606449011
790786734
745528746
135025499
177110896
521229557
564286975
987474118
763442934
732623269
864208102
326189845
647207538
624438961
913173948
513151502
90006795
599227851
791691951
931185054
856073134
723072259
487842394
287993570
472330213
481485197
334847684
316391899
968587873
432368866
724777966
746918326
880229813
875556249
277046485
511390564
406959905
606546633
284828495
927902905
805803229
139469675
550364509
947554268
307843015
817711096
630228755
151950883
586522185
542092067
661489975
717885388
241170060
546526584
162127818
340076474
290732833
768957936
576416520
841782142
237434144
538034837
334251031
638874301
256346838
738176616
251908673
776731266
657428403
418618898
734055412
403928779
155045726
30984678
323800456
406946794
286155369
152762444
502604893
240283516
756153048
702530143
700643863
726236781
733359051
155238848
415671503
118683602
208444871
860407229
398197143
543666185
559056580
707511707
852432065
188511239
541622930
747099237
395453967
391433363
376577965
289362376
848300130
32702559
36891212
121368646
927268946
615906282
111899666
212201963
219558948
867495733
935738816
433002584
823366212
400063487
511190637
754874196
601664647
500998942
358868056
586173804
446948488
702723018
262387177
148773626
590336424
129344025
166372045
213462585
420846203
289467544
112482892
161022862
270066410
870057279
232148978
594787300
747824143
12526914
67795205
898801791
400289536
769119913
625921896
451977086
154601884
591012217
706799917
341535529
679837828
323963240
941054929
655603477
348997027
332689157
486762566
861038271
293850818
359860926
214309814
110417836
795816894
158476158
43872238
686807646
132568382
800320674
243097187
272378117
75057905
530093268
863013627
555954166
533838864
10230506
993427387
63355563
595586284
528006691
856085375
680606675
82826514
20156520
143245800
849444507
456798831
658306000
314714864
307181201
95538296
375080920
27045246
681087018
746754920
473131335
597699301
966150306
681134113
776407280
713528630
20461039
446830158
631684270
123792386
555095609
883666427
755061995
750621838
627418985
86156898
877113529
763835587
484229463
30274917
439578679
569532719
954226095
230307248
562774712
365210544
274378732
802562203
123110231
185340876
907505001
431256277
526610485
426813346
559367546
161278456
755361718
277451867
789738703
733156050
326360919
825728761
576734699
758716607
979642163
80679808
551056172
334446204
626430834
823766775
25254924
248866715
411727226
742848946
132080598
582160703
497498944
933158637
660878348
721202925
441387903
578581423
46616193
788039821
353940332
412104896
391694732
704624089
756167172
302451923
39594133
150861350
776494243
627917271
869258627
247198196
142573733
212706765
444718501
274877218
534278778
733084671
926967471
583837420
943328603
189076693
982704433
715566399
687400212
480770047
699283950
765951388
239866964
932417046
470614515
27685495
404779792
892147850
133488111
710800115
691031181
691479049
989417175
617057095
100373553
367041890
984937421
948733989
147097237
189036265
704236900
176297789
623218981
599790661
221064459
944648262
74213137
708701110
987780812
233931354
741639732
46120305
54781280
89720774
832424717
742640785
625448342
406949423
31903223
467418943
838261690
493527936
571021099
262087400
477991518
938923568
716339782
499297128
456470298
358063886
769804442
433264726
293337335
186760631
518607954
659624152
736973818
495075008
323056156
99260900
53982580
710086759
552285601
831351094
169606091
46235405
929385698
419396692
175217097
928792527
567112790
329277878
615909645
925017937
641766154
761070229
828958796
723436819
199845928
377505051
179697814
909651121
997181289
213771538
320768782
113302621
980840589
398787359
844162554
776649970
819663326
422735063
725274450
374179370
655524542
29826265
689452465
603780843
640461710
830233266
590854455
425609981
574493871
955043645
555300003
532568597
860494328
139389036
386980593
872605571
43042105
78165895
717910646
33278277
832159649
758266834
143085753
84749093
158170231
768827618
120491319
97693226
603805032
547118430
28991377
175286121
702807166
284016579
757747315
613043799
216780236
599766197
682480849
639992136
409091299
581973046
72779218
709869780
162477536
890173202
258876629
442808711
848604764
943775966
637781473
201427452
651303636
628230557
721230490
619531952
341813143
277925663
744281140
998323133
276427058
107109417
29967664
950214657
261639912
984699690
785118415
16498245
804192652
41698489
279877564
711035144
842150068
433200471
32804228
734491288
810040688
638466596
874376946
743768737
162670937
217064931
729374915
473038640
415064906
783127854
576243442
748881222
531895362
16567225
678635213
548714699
69115119
678264078
415576218
976678030
321555914
91938200
648596825
810402412
583880668
468806390
896457552
98979626
548408048
685038823
774648677
613711579
971356543
836163540
230921562
916534295
119833709
201134197
743449601
702316343
974480441
420385071
559339171
417951074
27379080
897299852
525807371
297776791
545286482
267380588
708895659
749700327
526275018
303772962
779575526
793303985
968201926
819723856
149579679
922491658
323580300
706867842
475017664
821638041
504392972
675523215
326133936
808244756
264959352
609744210
7792605
149182875
2673401
394986902
258645393
632441962
49274133
782416646
594411956
553594943
94073948
844187063
823091005
855172311
720705014
192657746
756897827
120966154
542453645
336728766
895138258
539986977
693086206
104560154
744084826
106619770
863365757
363412974
310521391
891173744
401243440
803771062
79868889
72379945
693720602
506980348
477860598
130037887
806939619
499845019
364169228
992383539
760535017
6406142
293522710
131645133
187281244
705843996
663653550
138491697
987013399
993732344
258444082
196993326
639825446
993920083
760902250
421670271
804998850
20046323
880456582
337580889
192366284
89052397
666585125
945596733
349740773
25887336
956742269
314664528
302363108
49969243
92870237
793952700
100203524
65112315
7156243
126348928
217197325
148589599
776909095
217920590
443421323
347750780
165274375
512605552
850649355
11661557
59467478
910680044
519929497
724427948
649202272
857533812
557792156
937461165
757501392
843992495
452430906
360696409
363631323
759111332
688099682
224843183
47742388
648734213
304599073
413844702
646751285
451945371
266397666
453165134
917032210
57059200
40783171
933049534
871895238
769391303
384324887
111975511
894700386
399083305
113204145
490548212
948530832
655137293
438433168
21362235
306046535
385571442
276619967
422975233
495514183
513460721
336340617
447867697
579551758
166377968
705584927
570934892
687459732
377193337
323766286
70152397
77714174
540722302
256832334
425126825
644570443
626901009
122173450
507695280
658856614
997795661
52179789
309394210
317875622
571937793
425160623
771711826
662897436
196138368
218420670
561806617
510063452
510632323
218264346
152435621
913018364
681317259
290445232
420924874
339557174
717816980
789950953
804131164
854187123
155013970
840800833
291120413
616290602
989137787
998936960
661078423
280684735
24689950
839035001
658164496
969974200
311417211
30444207
718565921
183859544
545863103
930564486
188346544
335247815
717591519
213522945
864878754
379040233
540705355
58621546
631449388
361797926
99815917
707801788
20737370
113323715
60124518
778558519
773012369
585091761
726743630
526690977
263468748
857640596
555779973
555737670
607723165
129880719
385876826
487876487
495063334
389661124
376941633
434754920
169338306
561005847
737391684
847510003
718311952
133395389
558605710
357654969
120031141
705273900
559548841
253465960
128919363
682382251
996740864
880769515
664035608
357576534
459812102
819153151
705058312
10235220
559593277
109762725
529697008
862425947
751969489
915877083
202523349
342278121
483065221
622201168
384576815
268957093
165094542
562943885
878862054
297971397
527351788
734651136
583637544
332965295
511051832
395100077
278951404
938426985
226724907
921641093
535851018
969480028
963869283
829827102
245256698
89816778
558510149
18679278
414912918
159037733
320865537
153954657
716546392
115795322
613294905
253181529
107162271
737032428
879492413
419389054
684690031
536200284
372689353
330521154
867420790
170375372
3650367
275925943
97647736
557601596
324498217
479472646
686350353
317999494
825010059
709236991
712853202
608157459
935282747
986565060
653353637
14864480
950540698
397105784
568237289
331885262
81569026
68136086
252545227
439265270
286551629
80156540
717310957
761486279
208541333
438261460
97518265
418030783
729646671
922642821
286349337
733267854
202558883
498539375
377666431
676967355
241708793
859872688
258867240
214205168
48163981
484001619
18770232
963399775
674966940
45747367
408377084
596343168
356515170
58590340
59953874
993933276
677885633
587462486
887884112
708743331
165276974
560921461
648324951
181568417
590174857
100851591
780061721
89046908
296548528
918044417
832538783
311613680
646224826
673841928
624080009
119701075
468361895
793048900
575790411
554303146
627353250
923919153
81797895
514602536
61950326
423618674
864032997
27554098
484786930
600499145
637630048
558144312
802314721
316041379
129212506
396049864
367301478
409781644
900474679
179709031
345779423
314971228
520087816
151987244
797240994
746395501
41088738
632211469
714213899
906512703
226102124
288186871
396242319
700695509
868547143
654610245
797109733
498027085
434579029
30433122
776936853
331670944
685066500
152553432
961554202
627086618
741091228
270911426
860146872
37622679
854130260
440580667
503607654
962120208
478190823
761541372
559947745
66439271
455548778
470707730
771911171
682337800
403602674
89268939
169093536
632035490
750303761
882095979
553790560
575240214
83972684
201438396
904936712
416579145
293832270
52211136
82473941
580895563
467586469
619786213
921597545
590632026
536692380
952794545
620324637
828168451
344039129
879331562
542481775
106531405
998793940
826845677
951292757
10705623
697467967
403503085
958905516
245484010
278193250
808040658
135017314
47463493
832453452
229250464
515679769
236109936
275150684
472194245
778965943
272509016
174401365
263353034
167153091
808741804
681077043
209659885
69698569
972277960
803576781
175878297
737821943
738364747
547617711
360495653
713607833
358498902
263895179
52067157
927706511
341867783
623888473
33050705
687700517
925208115
538949952
954588427
53552097
116124592
187535200
636501823
787514134
893933073
867790429
334499906
688744084
241336895
683572427
802382658
404853043
768621590
584956042
323833019
709760673
173815849
314920228
303775081
404601180
702926182
202979608
301973428
114833212
636661214
760960616
413545536
971497734
803458560
331990317
179328440
717058432
466236378
436693232
974913015
935155068
634752294
62800011
974626231
286436322
995620839
600063313
486001805
261023081
587982471
714797392
974716697
926804529
619331239
521229960
512542919
814310570
541536916
340973221
276420575
195533141
998108395
906268935
446439088
189300243
77021186
329551778
877346915
810312817
403597890
685933693
251153492
440544890
807599209
321228892
39353468
447975903
94665889
112223247
515238168
313633574
686097628
444267150
382855583
866429498
183136522
379892835
451110477
618217387
69714926
193132530
494373033
365776738
219553288
169935374
707228413
425561011
184367047
163958611
653487776
824587588
688916432
769522796
330313990
170637509
180244038
264103110
698833507
31707803
716605172
116546998
314770413
143268340
465340500
693708483
94127193
670553601
684688242
994038707
74558651
84989281
613761122
202047473
229324497
529051497
655580820
812215243
165706666
101238477
826228773
715497268
8700561
845364818
275677687
547131488
300555713
154677158
883844272
338472526
742745405
254509955
644762521
146553440
957926589
983579011
515374202
589591369
51177426
249515787
925383426
281819633
420382877
912558959
880122283
401141288
113781741
942430255
988428293
76165715
818984096
619268260
608900621
338108048
831899903
65652308
164839438
342849810
372544544
111914427
778049989
737161009
253013894
959866936
690638045
232242092
434999601
246358987
459409880
204911921
224703439
183090268
255499760
957709710
111613051
649336812
336075800
875166497
908208313
863508071
898364660
459457595
897484882
969806434
726449873
334860331
782166069
527859393
266428185
620359455
182067822
48150103
330715579
475652817
606895770
90252546
731455559
206124561
387692582
296205491
732412156
328698749
215073653
461854606
427105945
884746851
568581048
534631296
73648280
763293045
428333708
2681471
853770819
994410450
734122284
866116632
99371153
416226487
203147824
412348459
322312797
802130984
677345524
222128312
2
247678043
193012780
676747688
100433230
225542082
1
822439434
290818316
257198379
229405178
947126611
533501345
920897214
253546388
800942724
462915802
222189799
162687229
869154982
116602514
512614017
388257524
35390321
802889100
391205296
101916596
139532684
811535148
617731546
781109209
376348236
587916734
129545352
339766198
987441735
151990533
534729353
468134432
152644968
823392216
220730953
155799089
336361218
136584935
7340176
34381728
467016297
472254287
666547129
399927953
944305001
323020918
716465894
280485585
676779250
845916735
729560602
491446779
34010378
927046363
474210196
606656692
615523034
621613826
949770789
806625932
395478365
781313547
966283863
762602843
32591594
368232732
312261686
840387789
283239014
951255412
952826824
20053325
270019503
850702980
306384686
952272181
367319905
183326573
455608797
863111774
61251438
172476138
182465037
169393312
551476492
420092768
220419094
737487517
487882770
48761531
739648994
397713288
250483929
986506015
703622051
43356756
198620588
249550137
843262141
308087822
500492652
595822124
719908813
140940413
771478740
508687145
646531582
134832753
365855083
895919175
15624123
451285531
147664645
868261271
521553174
415947376
867726142
53586473
59678350
963432424
376627580
743625502
170755000
202999214
264586366
174738057
578349138
440394925
765368146
266623928
759848384
932841915
431612155
728991381
169482606
231112297
503054431
253789040
229707717
346082004
188114497
176236481
987044029
12712948
565660182
383971006
696012146
848380195
602003405
792202726
946448975
870104372
257344331
652768947
182925358
654574616
754643836
841524192
927613349
284534627
897633904
343701230
729412512
490266165
130778720
845395840
480618432
940275161
940518096
880331210
432986858
493453860
114553810
410553685
935667669
944513366
22119249
515985039
603049096
761954560
657363609
674572839
455065894
668503853
814886319
77850344
732041731
326244109
607982387
301030196
150596489
264838921
830416175
457549978
737303529
528505348
384216859
633416999
137027287
210954955
717352176
234215581
548481576
45067858
419645999
60448444
515882888
583794345
589182611
285607630
111307224
422860606
342705892
668886595
558092842
189591445
388311480
938580308
388689271
165646558
211580300
89064686
129144956
495719732
299031906
660213094
477358192
291239058
395032860
820879212
108322118
966834636
903841130
961201109
254489850
511589335
141684713
540583133
980140469
572137246
399890983
934456591
92341225
561402988
162429074
952192280
42362791
312970332
315224026
357611227
499923783
632664039
794757090
802738172