119
431
100
302
188
223
439
338
214
459
376
56
267
371
365
26
166
383
412
365
462
271
198
87
168
84
41
499
258
131
272
11
251
97
316
161
318
173
85
305
473
327
247
248
340
440
67
332
201
285
468
217
139
431
175
487
72
137
386
157
218
84
412
388
82
184
55
178
238
83
149
132
11
117
416
24
168
290
350
216
186
266
450
14
351
434
145
291
97
409
32
121
60
316
309
482
454
239
64
60
450
36
437
346
157
249
490
442
44
136
17
263
440
52
135
120
120
11
239
348
53
258
80
96
487
112
111
6
188
131
419
350
20
375
372
230
386
263
263
351
307
395
312
353
401
187
482
15
334
40
263
490
407
259
17
237
426
216
174
57
356
420
190
119
21
77
498
323
419
10
106
145
428
369
330
238
133
288
7
467
370
376
211
329
370
1
304
122
31
326
103
438
71
110
410
302
48
312
257
482
314
48
458
344
11
110
86
133
15
195
174
84
242
222
350
59
16
404
356
352
380
92
268
331
456
226
497
349
328
101
481
233
297
26
232
67
8
16
209
277
285
465
57
354
448
46
105
84
212
389
35
449
14
241
96
290
200
465
136
302
279
356
387
110
32
339
296
372
186
376
388
214
76
21
7
29
129
454
273
458
266
350
240
457
358
63
4
488
468
116
446
178
273
348
333
4
247
368
368
321
471
44
218
225
190
223
42
118
408
12
338
183
111
99
451
448
166
92
285
81
323
119
242
126
493
165
246
200
285
32
136
225
407
374
280
225
207
239
226
347
21
487
265
24
114
310
116
219
174
390
102
388
132
76
429
328
41
416
402
267
473
288
172
44
86
487
252
348
197
275
78
255
352
245
404
50
226
500
7
470
383
336
138
57
238
66
108
330
237
173
192
459
108
143
472
175
384
479
256
48
2
304
461
264
217
180
13
114
42
272
248
204
114
363
29
110
282
55
470
123
152
475
149
184
400
152
169
465
188
216
234
79
118
427
41
462
224
8
152
204
23
429
203
237
215
491
145
33
229
123
61
310
22
326
244
414
65
37
491
466
354
295
36
176
125
369
53
143
282
6
257
70
174
333
78
152
425
45
481
36
302
307
2
82
98
313
435
278
339
210
209
90
351
92
192
109
207
382
264
315
481
457
139
374
75
277
180
200
498
377
474
457
99
227
480
185
422
253
4
134
446
313
264
225
334
295
439
474
146
357
447
372
479
353
113
493
204
201
433
82
195
475
95
175
431
78
217
205
282
204
309
44
246
86
123
217
135
281
148
483
252
242
368
277
412
39
93
395
115
138
192
482
157
443
417
69
61
250
333
70
133
242
153
20
304
56
305
47
257
19
172
102
457
92
145
3
351
293
156
242
63
347
165
439
353
374
162
73
470
186
29
183
253
154
487
26
356
218
119
170
407
250
333
12
300
75
374
149
118
468
480
19
45
220
459
308
11
143
168
388
302
163
352
226
235
376
116
266
462
188
124
337
440
306
315
202
351
428
141
109
373
275
259
410
357
25
264
390
406
1
62
420
409
396
473
95
399
369
78
120
104
487
410
315
223
197
387
421
183
253
433
51
134
106
125
22
360
126
184
435
243
15
333
22
404
107
63
279
123
451
117
489
421
444
200
62
259
207
408
165
485
1
372
408
391
411
350
477
16
415
17
318
110
123
426
386
242
164
386
101
16
125
53
163
445
390
291
168
203
150
103
86
414
374
301
407
163
164
61
241
246
100
73
424
392
159
418
114
299
316
275
291
309
65
408
280
129
426
262
299
489
233
473
197
142
344
381
367
162
227
109
300
213
355
220
194
74
116
439
299
454
186
35
50
167
499
34
58
204
195
88
288
231
103
474
247
364
183
45
77
314
466
25
459
310
411
166
127
125
195
31
39
219
246
320
286
198
203
345
181
299
105
158
78
260
383
422
347
219
135
348
300
143
107
104
150
324
346
342
409
144
281
393
409
471
19
367
491
67
217
171
383
102
71
449
49
232
493
416
410
352
279
296
299
172
83
160
231
12
487
494
349
462
405
222
224
75
332
73
83
375
153
124
86
93
478
187
449
483
118
55
186
25
396
220
438
207
465
458
498
23
167
98
174
212
154
146
475
213
429
252
443
456
314
167
4
136
197
36
242
78
263
366
239
363
443
212
185
63
248
333
466
341
38
347
298
160
229
180
292
417
175
194
466
398
407
253
430
91
260
9
60
2
222
123
141
359
90
389
102
453
243
184
241
225
404
91
479
76
218
65
275
34
298
284
162
133
390
91
359
142
164
398
414
31
436
439
486
44
203
429
152
24
410
378
158
419
131
390
228
209
482
480
273
302
132
186
269
380
147
88
33
170
122
238
259
269
178
479
329
186
448
128
120
69
266
284
256
372
225
55
398
173
43
39
373
89
12
23
70
116
346
422
154
218
296
35
193
101
462
479
53
136
382
234
136
437
410
499
246
185
45
128
61
29
337
252
483
424
131
222
99
183
367
428
106
389
20
69
19
284
280
224
362
244
81
84
443
332
201
332
125
293
316
84
447
11
207
399
165
54
11
119
57
142
210
364
118
217
97
373
229
329
103
468
242
295
156
148
120
356
269
373
252
487
135
383
182
194
348
472
36
31
86
88
425
380
132
451
297
67
487
411
107
280
389
51
411
316
476
454
94
207
81
405
225
116
378
124
29
236
23
302
168
205
188
27
305
341
313
446
497
64
208
366
484
160
381
185
476
95
81
315
121
167
256
288
62
42
43
450
493
95
128
304
171
214
246
490
174
244
479
393
427
338
172
317
15
361
468
435
181
26
217
309
137
483
4
298
198
4
127
203
37
355
36
293
51
396
430
83
42
77
191
405
377
335
102
336
66
302
66
16
313
76
414
359
203
42
499
382
323
169
271
304
127
103
46
107
273
384
36
173
324
276
174
387
185
20
179
319
438
135
341
396
91
192
76
241
85
184
4
356
156
11
404
42
314
6
398
82
244
433
358
463
244
463
379
161
242
475
131
233
49
35
168
318
377
81
214
311
138
137
220
371
417
340
130
322
459
10
121
310
197
138
246
395
99
131
284
148
80
247
426
131
247
230
347
304
291
358
404
32
425
483
327
250
81
262
295
109
95
437
27
428
404
263
190
319
6
15
1
30
155
497
7
150
396
161
441
404
1
109
218
60
209
175
243
69
428
137
408
205
17
388
420
282
79
489
393
84
468
476
408
61
155
38
103
157
241
268
229
253
264
358
354
238
222
166
496
204
97
406
103
237
337
290
443
33
306
334
289
99
244
333
269
377
202
456
91
323
150
423
17
270
381
74
33
330
254
339
80
314
65
427
9
304
151
70
202
402
376
31
209
355
500
484
129
48
46
305
447
96
172
275
203
474
482
110
326
33
216
180
153
9
214
346
199
378
269
344
402
31
10
1
310
315
489
4
293
165
390
302
394
467
115
448
91
221
283
183
2
30
282
46
221
170
328
190
196
483
201
253
497
204
85
442
188
324
42
352
105
51
6
421
370
218
486
495
145
390
43
289
182
355
7
224
283
123
130
50
217
10
251
296
492
33
388
93
347
366
327
264
483
213
130
132
131
377
361
401
326
4
490
294
124
302
78
436
36
263
315
233
176
470
289
310
443
73
69
236
293
361
387
50
117
53
272
161
489
351
120
69
279
419
186
237
494
274
451
45
385
498
88
89
302
282
332
98
351
119
156
3
263
244
429
53
133
363
101
282
314
164
119
183
311
263
134
408
10
349
157
329
471
192
488
366
193
58
193
3
124
482
238
488
276
225
228
293
229
113
487
251
309
11
309
474
318
319
344
429
180
328
319
238
106
300
102
293
117
416
168
495
34
349
190
443
145
74
174
285
145
422
33
14
322
447
118
273
434
133
406
272
15
422
182
159
448
71
276
164
234
344
5
285
402
365
444
236
166
183
74
299
304
202
465
131
238
244
59
189
496
455
406
321
166
455
268
34
435
324
103
93
400
257
322
115
268
178
254
194
117
367
278
403
432
215
268
289
476
283
474
143
211
1
38
152
258
470
487
352
69
302
414
125
378
216
144
61
89
306
423
242
232
212
234
9
154
231
486
458
160
492
218
66
199
58
198
148
326
400
120
345
104
303
191
396
13
442
37
448
361
108
201
39
9
390
488
284
178
481
463
165
129
187
456
167
195
459
55
300
485
335
419
112
385
476
26
213
362
248
487
498
111
307
238
301
134
315
112
246
34
481
64
69
196
68
489
312
73
79
366
98
365
141
216
460
94
97
447
165
484
2
35
454
321
289
166
126
274
118
97
41
356
190
216
279
64
147
399
301
165
253
415
219
349
249
307
150
294
299
221
407
321
307
20
218
218
68
150
166
466
196
112
408
426
468
348
352
416
449
312
364
4
229
55
492
31
298
231
275
448
481
484
205
327
142
401
172
446
493
495
464
471
110
190
114
310
103
433
107
488
187
356
56
463
359
201
241
230
269
117
162
129
72
446
112
37
388
420
417
326
472
237
423
269
162
11
232
247
472
397
345
299
270
361
388
294
445
354
403
94
448
414
381
486
414
319
488
337
490
377
152
250
7
111
490
130
391
394
399
37
50
124
239
269
257
326
410
369
310
252
286
276
112
457
118
433
370
125
281
422
4
115
118
106
303
488
361
392
140
19
286
43
335
379
348
356
123
1
348
215
28
50
337
446
82
410
136
160
368
79
330
119
189
21
481
499
13
9
117
427
108
367
60
437
80
220
57
310
399
473
426
484
375
5
383
338
128
281
466
47
238
364
236
277
448
426
91
459
151
149
394
286
353
281
136
475
193
122
418
197
81
148
268
342
465
78
281
454
16
346
176
149
219
286
241
379
272
394
295
371
295
142
383
227
402
52
450
41
396
310
191
372
260
306
463
227
307
106
10
288
448
277
214
342
372
294
459
329
155
319
94
24
270
423
129
137
326
127
311
31
182
202
320
124
296
377
288
18
214
338
67
33
2
339
69
207
491
492
362
202
163
205
126
380
486
161
421
24
34
493
328
27
155
176
18
364
16
494
169
56
286
370
285
485
303
266
407
250
405
121
112
130
151
490
348
451
470
167
396
476
86
329
418
128
241
457
305
312
365
72
392
33
36
62
154
63
262
86
388
127
132
454
455
401
460
481
462
264
414
16
412
271
431
156
51
90
444
488
347
72
251
267
368
453
305
354
205
160
241
96
485
89
448
181
164
107
206
67
20
407
398
230
36
342
158
233
207
364
359
81
186
426
188
320
321
234
397
2
490
205
105
444
179
408
188
441
25
459
41
476
291
479
475
231
223
92
284
378
54
326
67
258
413
434
46
316
416
169
348
205
386
401
394
15
66
157
323
342
68
96
99
499
20
427
165
247
256
309
328
445
481
492
367
258
433
17
444
57
121
169
494
303
77
351
230
87
426
430
449
386
190
399
171
172
246
286
236
469
257
142
85
297
128
222
323
384
103
56
268
247
5
453
195
236
88
1
273
435
387
187
244
198
457
463
105
96
42
97
161
16
207
303
141
142
65
198
85
405
443
223
45
380
490
142
487
450
436
243
6
259
39
369
493
80
102
30
152
249
214
381
367
401
389
366
86
218
69
151
466
341
487
487
374
455
38
85
400
66
219
282
174
190
116
338
348
145
470
26
20
455
7
215
499
41
444
194
345
2
417
364
435
293
130
39
289
41
392
246
182
230
8
103
244
192
285
266
5
100
147
400
483
162
184
295
495
66
371
305
417
320
210
425
233
488
123
91
128
414
75
347
268
7
212
244
267
357
415
17
318
299
261
227
73
72
468
137
10
157
171
421
187
96
428
463
331
365
200
262
489
397
134
443
353
394
137
60
95
220
385
491
418
251
18
483
239
175
97
427
244
461
463
498
8
474
370
68
329
416
68
474
253
479
238
359
388
123
411
373
489
67
422
128
410
351
155
237
399
172
290
138
451
469
408
230
375
435
435
308
248
420
287
198
468
113
16
72
437
194
284
476
263
78
180
88
6
124
486
357
371
370
286
294
146
181
196
140
74
273
334
130
308
282
426
418
300
352
338
241
407
394
74
177
300
289
213
238
319
241
416
309
326
96
85
39
246
17
270
302
428
230
494
286
275
361
265
34
410
61
267
234
227
142
364
446
17
413
239
450
169
96
352
409
110
454
324
473
116
446
418
339
311
500
353
467
337
38
477
420
446
131
363
215
474
126
251
452
32
364
183
382
425
346
53
411
424
58
45
350
20
48
445
373
287
463
360
129
4
155
38
1
249
454
167
441
499
453
303
458
216
267
480
302
319
365
156
282
355
394
416
275
95
377
120
400
205
347
348
410
309
262
272
480
140
3
14
79
86
146
310
193
319
453
449
380
6
266
169
266
421
223
207
274
23
299
169
331
105
97
100
406
49
433
19
233
390
279
192
421
158
27
61
320
128
137
4
303
12
142
52
280
247
97
255
304
116
318
272
383
182
322
430
290
326
160
488
451
326
92
160
145
242
364
368
123
316
340
169
241
82
428
229
352
489
103
74
173
62
500
359
366
449
272
23
352
458
297
352
392
439
394
312
77
354
228
62
205
23
248
411
377
293
106
284
144
66
180
250
153
210
147
370
2
74
7
406
309
368
354
89
453
380
154
491
474
434
245
148
468
275
326
400
479
77
4
316
202
336
108
278
269
331
178
288
364
319
492
196
329
392
157
232
399
2
218
337
49
276
148
261
46
264
246
470
325
15
472
441
452
395
461
182
207
51
205
103
156
45
260
27
84
402
3
24
47
53
200
174
124
324
305
393
226
305
401
313
174
83
211
294
167
298
97
249
190
303
167
265
149
18
67
475
283
208
281
49
360
367
484
47
39
316
360
288
61
265
450
346
485
286
359
36
12
418
294
267
73
180
215
17
349
173
333
496
120
269
14
497
302
405
377
272
410
41
69
438
279
340
142
156
263
22
381
343
313
349
436
282
149
50
279
174
212
159
352
167
484
377
150
406
191
121
105
156
363
402
463
203
310
139
182
264
20
465
197
28
92
90
127
262
33
455
3
239
448
459
190
465
32
57
155
312
170
31
169
211
373
201
239
48
72
481
173
11
387
136
70
36
224
119
334
1
146
454
455
6
5
438
204
151
268
254
387
12
225
38
208
374
107
390
365
82
355
88
361
158
75
455
282
30
85
256
47
249
341
404
403
9
360
89
230
250
388
133
333
122
329
489
284
471
60
428
301
69
251
78
191
176
210
38
270
301
162
112
59
417
237
80
8
500
499
128
45
354
113
427
119
418
144
293
455
11
403
440
431
122
396
139
242
206
311
438
352
218
432
299
325
380
457
443
123
486
73
231
37
99
83
498
341
163
68
27
308
348
394
20
144
127
296
41
148
287
478
308
378
44
28
30
309
397
258
433
211
11
186
427
66
458
135
342
342
273
356
36
263
364
213
221
79
424
270
431
351
203
405
358
446
356
349
147
360
230
314
32
152
436
42
486
17
367
67
362
461
236
194
133
105
461
421
500
384
433
408
296
131
316
233
233
21
369
476
84
45
117
207
365
219
410
124
44
125
316
446
341
72
319
473
379
475
92
119
157
5
172
32
146
461
323
106
336
277
382
353
360
132
44
470
164
411
247
50
390
290
131
369
430
103
97
17
49
67
210
481
431
75
442
177
121
37
88
480
52
413
281
177
382
290
75
134
387
240
293
380
403
380
379
10
295
58
72
154
50
85
173
425
447
247
447
399
79
202
111
191
345
260
281
380
392
181
204
101
52
468
63
195
493
490
191
376
75
418
46
353
400
441
284
464
37
390
292
114
58
324
85
66
380
223
321
188
361
65
360
243
154
399
177
346
320
465
455
197
31
332
118
119
354
419
263
339
266
72
130
427
366
321
335
361
88
404
250
141
49
127
257
70
446
456
4
111
149
54
102
259
56
89
207
180
466
150
211
50
466
423
27
387
440
401
371
452
367
24
474
449
447
94
103
450
242
419
152
373
351
343
235
410
282
428
281
60
426
121
419
352
15
27
311
191
465
18
167
9
91
188
239
122
446
48
294
325
370
365
113
158
188
327
95
208
312
199
146
496
236
354
220
180
477
434
472
498
53
430
477
437
219
302
305
77
309
330
145
339
333
286
446
160
361
227
25
496
422
491
270
39
272
4
50
164
104
169
280
244
238
312
343
348
268
404
182
40
291
37
46
349
273
433
39
237
137
329
374
492
21
198
494
203
489
490
27
363
189
497
58
51
159
57
458
412
237
313
143
283
418
352
485
166
455
442
261
43
120
34
251
253
478
46
30
192
408
80
462
395
363
460
338
394
281
181
35
396
173
275
160
471
413
421
179
406
96
323
316
401
444
354
396
216
394
366
202
10
145
359
331
104
266
106
241
66
19
350
427
91
15
442
13
108
122
415
130
190
267
278
49
407
493
241
485
103
121
208
384
106
372
460
430
276
351
268
345
490
272
357
287
486
482
207
146
212
36
455
249
135
297
275
149
9
321
382
146
474
74
450
52
315
44
122
314
354
457
282
100
432
246
14
462
227
131
436
212
318
32
146
440
191
360
431
241
442
318
439
458
236
106
240
87
64
475
261
209
218
261
140
278
472
404
41
51
468
70
491
454
191
94
64
174
329
450
401
362
393
250
183
170
363
170
471
484
68
312
456
130
368
167
477
354
65
487
35
428
414
223
487
409
381
164
249
93
137
431
54
192
107
116
345
19
189
487
422
355
297
211
392
341
440
161
351
230
435
316
1
394
115
340
316
320
497
187
155
69
44
333
148
372
221
295
5
323
432
358
179
251
217
321
211
405
431
254
277
21
8
415
286
289
295
64
455
3
18
319
344
17
463
230
478
201
449
23
194
434
463
483
493
239
32
250
148
353
347
408
195
133
143
43
417
467
19
206
382
288
3
251
120
406
398
212
418
349
199
369
397
186
69
313
364
424
196
487
314
396
445
422
324
472
459
263
227
474
396
67
146
138
184
464
324
136
342
335
40
307
119
114
68
66
187
215
463
308
38
121
62
469
313
499
185
101
203
366
500
137
232
362
134
32
40
366
406
339
226
160
226
394
332
321
31
340
49
413
354
480
487
426
37
35
67
29
449
87
404
333
101
245
39
247
339
455
256
30
70
44
490
137
493
184
322
136
490
491
25
21
115
12
67
305
303
376
314
7
102
493
457
457
206
123
356
161
480
339
219
194
210
314
363
314
303
97
126
90
257
182
199
265
168
194
340
468
487
115
227
268
259
37
177
115
320
202
38
38
108
371
142
434
365
60
287
40
217
340
100
451
318
142
33
287
189
227
381
304
91
88
311
412
299
381
398
309
381
363
120
427
90
57
219
275
303
133
426
71
498
285
147
266
240
438
492
169
4
220
194
304
49
419
76
121
436
440
363
132
245
245
393
381
169
313
285
147
336
458
271
210
235
151
474
467
358
29
38
88
237
286
227
41
497
212
48
161
425
309
186
460
220
360
497
270
77
405
429
431
8
424
383
290
298
411
430
59
101
209
67
341
11
217
377
442
62
302
377
397
194
408
442
436
203
102
452
75
226
448
358
459
367
477
348
214
381
462
202
427
367
34
436
252
168
57
146
122
291
478
359
440
210
332
255
415
327
188
165
175
98
183
166
60
62
410
104
434
93
420
145
492
66
1
167
156
400
267
416
320
45
389
131
37
24
389
460
286
355
229
440
306
301
246
466
193
193
151
497
278
61
285
263
89
433
129
85
411
393
185
276
71
54
187
130
147
249
241
94
451
2
56
368
405
24
358
307
101
366
248
196
263
153
384
277
436
149
492
14
415
207
254
153
240
112
49
438
482
107
446
490
303
37
339
355
293
67
275
61
155
22
229
461
180
393
83
392
231
436
51
71
267
445
130
198
285
40
157
42
180
259
471
244
478
61
455
208
353
203
200
29
9
363
420
15
97
459
457
271
463
239
446
229
156
326
27
3
51
12
369
124
186
224
24
88
104
409
297
230
185
130
370
110
134
9
297
274
371
71
203
224
72
402
328
116
86
355
381
283
365
299
70
163
56
436
378
164
94
242
257
201
471
175
120
59
208
90
179
319
426
439
346
356
129
401
366
235
292
25
116
93
20
322
73
13
416
52
128
141
1
143
494
155
331
454
165
67
249
289
440
2
300
369
176
317
162
438
415
375
210
47
191
139
295
499
6
367
115
31
470
246
306
472
420
470
494
408
184
432
461
64
172
457
439
21
106
366
195
312
103
17
312
207
291
234
100
257
428
471
316
176
296
480
449
444
78
282
172
189
455
270
355
27
58
282
14
387
203
429
233
19
333
169
206
292
169
165
70
411
180
399
285
62
469
393
35
280
268
381
428
322
1
432
80
132
335
160
476
373
433
363
150
204
359
467
465
34
410
438
432
250
170
177
445
336
21
440
270
362
51
408
415
340
314
312
188
57
422
297
34
66
93
372
340
170
47
176
346
27
224
125
45
332
245
31
197
137
434
348
440
430
301
153
147
457
400
111
88
242
36
141
68
170
170
365
363
324
438
401
483
150
15
311
239
218
122
194
86
397
471
83
225
52
171
202
367
236
108
381
360
200
104
203
241
75
131
228
218
388
374
315
292
162
188
492
171
83
132
251
312
377
217
57
50
371
494
37
302
75
154
476
292
245
419
346
360
347
207
41
433
50
135
82
56
112
391
121
197
257
261
331
274
230
213
248
391
112
135
487
374
471
211
300
412
403
470
131
386
105
144
382
456
26
290
313
178
112
128
190
461
398
381
47
195
339
256
495
116
236
109
237
467
444
191
169
252
371
68
104
122
397
438
262
153
78
450
85
363
226
314
480
275
298
36
128
80
298
239
30
410
59
247
491
382
406
460
193
136
376
348
105
304
249
465
281
173
359
299
113
138
246
485
107
409
363
368
358
340
449
489
388
331
417
224
50
126
447
58
475
297
217
354
300
335
260
324
374
482
128
140
417
428
320
412
78
21
115
288
278
219
327
2
447
71
137
392
77
265
5
311
217
6
332
108
140
52
362
316
286
382
437
221
47
494
312
237
400
257
200
3
434
10
307
447
26
123
15
287
330
349
146
149
465
433
6
278
292
407
237
5
262
358
276
491
246
282
29
449
39
324
114
271
103
476
250
255
407
307
124
80
1
321
447
17
215
77
490
455
160
313
153
191
396
301
119
302
172
131
38
254
460
316
261
120
24
209
90
367
257
146
151
264
259
120
308
452
57
427
128
85
145
345
317
69
400
404
51
473
150
301
25
62
499
341
464
339
236
485
143
469
369
144
367
263
256
121
62
163
248
242
70
94
259
91
443
457
14
200
354
472
319
194
491
230
336
443
307
206
155
437
41
355
30
446
327
492
58
117
196
349
257
129
20
466
171
163
97
90
95
36
326
248
424
353
410
46
273
27
238
358
341
330
471
168
485
123
229
108
381
357
473
297
369
73
234
357
73
89
230
355
307
161
208
163
420
109
106
345
276
48
263
184
198
27
12
30
132
142
473
193
161
427
143
400
216
403
294
75
70
88
239
194
359
190
234
238
285
481
83
134
271
129
197
117
491
329
176
452
350
281
454
442
468
238
188
438
439
260
369
286
435
51
192
51
287
422
218
364
364
381
193
243
335
97
499
425
190
33
308
164
134
396
267
142
337
8
127
25
460
280
188
103
303
156
44
153
332
305
74
113
499
366
417
199
5
460
196
14
435
412
239
151
48
471
134
218
193
411
148
438
470
288
467
172
77
76
214
227
126
448
168
243
404
33
136
268
367
389
49
321
391
364
271
51
229
11
207
154
200
22
227
256
71
243
198
497
160
485
354
326
488
238
356
329
205
3
390
308
427
283
334
155
76
355
259
216
303
57
298
195
308
238
278
284
325
213
297
193
135
473
218
460
102
1
1
75
227
321
499
351
441
333
194
66
149
96
321
274
100
234
252
151
417
167
430
410
203
422
335
150
324
486
163
97
338
160
51
326
362
95
3
128
146
44
116
317
146
72
254
132
296
193
384
210
287
456
476
189
403
323
379
429
138
246
149
391
242
27
406
81
321
318
255
448
46
348
23
221
488
481
315
246
442
283
495
54
254
391
251
69
438
460
312
484
145
443
32
146
121
162
454
24
267
255
72
12
322
392
263
282
245
442
185
463
43
346
42
500
295
96
329
95
200
268
488
490
112
371
260
168
218
74
343
415
298
372
337
401
159
287
90
97
307
35
22
187
417
243
183
182
451
330
478
74
217
172
136
192
129
411
341
376
285
267
203
40
358
25
11
237
275
330
364
266
198
164
347
447
134
328
407
110
322
5
94
138
488
247
232
489
185
104
72
302
103
350
140
356
246
241
52
180
390
328
138
52
97
342
346
481
97
487
353
374
493
368
218
323
458
29
153
469
442
249
474
316
472
233
2
237
133
461
264
334
391
260
176
21
333
76
285
127
60
106
262
381
256
187
268
411
363
370
371
389
395
473
292
36
346
372
318
7
29
483
103
223
116
189
471
462
261
175
95
463
301
86
458
451
179
37
160
367
425
80
198
276
360
249
4
271
440
463
204
423
120
58
438
244
94
404
335
384
148
91
449
344
185
342
147
225
260
323
174
424
268
391
359
377
194
330
275
261
475
107
357
76
162
162
423
196
419
455
68
41
79
34
470
449
247
89
43
52
31
124
235
500
327
430
264
499
363
403
432
200
312
263
82
33
31
483
452
121
404
95
15
374
385
473
354
299
494
262
270
464
314
436
318
313
193
334
330
494
101
434
462
414
41
21
134
358
379
432
368
357
32
113
52
215
123
168
222
70
315
28
292
440
247
445
116
419
377
106
166
48
121
397
233
158
210
355
220
4
223
309
182
72
261
179
353
408
106
374
327
187
109
57
449
159
279
44
480
46
301
226
261
19
311
228
305
146
128
492
75
322
169
229
92
263
85
179
152
445
154
363
268
324
143
96
379
1
355
462
227
319
33
88
271
256
60
331
254
191
490
156
274
93
253
349
71
315
68
287
263
321
240
7
313
225
61
499
247
246
20
320
353
92
410
398
102
78
192
269
134
198
439
245
306
261
358
4
356
304
338
464
388
324
391
192
73
352
353
309
244
169
496
426
452
440
369
167
410
179
434
215
196
25
219
80
152
33
109
442
102
114
228
224
80
355
44
43
412
423
385
395
198
370
267
472
5
241
15
462
392
46
173
57
212
302
450
40
249
244
168
311
375
288
214
414
489
327
89
47
3
317
496
407
26
265
336
270
357
22
116
309
142
395
243
339
433
441
292
182
78
7
129
291
303
206
159
77
142
101
458
102
401
207
486
131
2
61
142
123
63
114
234
198
260
308
60
113
456
445
332
104
57
419
12
290
74
206
434
211
349
265
124
349
225
109
8
74
38
203
34
198
306
187
166
453
182
232
220
384
146
60
296
226
57
79
341
101
105
79
455
208
27
309
367
150
147
33
81
318
120
83
232
325
108
67
275
67
149
177
292
203
133
464
237
154
406
460
321
490
64
366
182
475
251
174
47
285
288
225
337
342
74
469
457
223
464
275
416
482
252
390
192
129
276
407
170
463
160
4
403
208
199
323
262
66
306
385
402
196
15
213
81
497
327
138
21
254
81
490
272
148
388
283
323
78
333
275
66
133
263
26
45
480
234
274
135
231
219
425
55
3
270
282
466
66
385
25
141
424
312
122
218
420
461
19
7
80
54
448
189
464
148
149
45
12
354
44
119
425
348
435
383
223
388
87
423
230
157
211
337
16
292
415
20
132
12
406
234
343
320
194
230
43
324
265
389
75
484
126
287
314
64
390
63
158
26
9
3
449
208
291
430
40
265
468
369
468
386
393
229
366
262
473
248
411
355
476
185
498
220
213
289
16
216
198
56
204
267
19
380
204
122
265
124
350
379
224
266
394
186
143
300
232
159
240
230
403
416
155
457
125
365
359
488
158
275
232
309
68
200
145
176
470
414
119
217
16
494
227
55
114
467
208
320
262
432
425
461
285
349
129
86
92
7
285
306
353
280
368
292
463
57
176
475
308
308
272
195
493
164
109
32
403
136
135
135
381
253
436
132
245
277
200
149
430
388
203
335
227
134
108
462
110
121
44
324
259
474
236
166
41
77
179
151
145
373
47
464
260
131
82
257
89
199
428
2
178
138
97
259
185
497
482
454
350
128
122
86
34
217
25
164
18
36
205
58
38
36
293
233
127
250
29
101
322
382
223
188
441
110
423
86
121
236
339
265
256
168
137
44
390
447
121
499
55
333
39
452
233
150
163
331
35
206
66
339
360
184
90
120
459
148
21
110
191
44
177
326
67
498
446
320
297
447
267
132
164
282
167
457
75
328
367
337
367
412
125
451
40
20
176
324
366
406
218
376
314
179
249
364
111
472
266
231
23
258
265
157
435
27
400
330
290
323
100
277
211
422
169
8
237
145
108
61
3
243
179
499
272
403
202
475
429
456
328
314
66
302
413
298
308
28
91
85
2
55
59
291
408
310
187
290
165
447
145
444
177
495
334
304
336
183
414
473
341
315
69
186
10
212
465
2
93
19
151
266
52
406
153
223
125
270
55
260
432
31
131
278
12
321
280
334
169
196
14
165
78
41
219
236
299
447
122
288
280
199
29
83
51
381
459
214
197
78
22
144
261
324
291
168
189
280
216
411
203
376
347
443
430
175
375
97
239
429
86
209
442
308
288
61
330
495
182
227
165
306
302
196
310
297
88
268
97
156
44
146
153
42
56
251
343
75
378
12
45
242
281
302
209
479
94
125
254
74
25
396
458
152
79
454
225
113
330
491
487
477
135
89
47
121
452
456
76
34
394
330
218
287
328
57
232
382
496
228
207
476
117
183
297
240
186
379
168
123
377
54
273
297
378
360
182
16
380
148
228
382
290
322
77
124
478
321
194
309
340
472
500
412
8
473
38
392
213
15
121
25
388
27
456
467
280
218
482
338
250
92
289
319
150
302
258
421
343
357
422
468
111
160
239
238
188
102
157
479
102
377
6
57
126
391
53
18
140
453
24
331
109
491
451
239
196
292
237
262
340
85
323
54
341
24
381
292
386
427
332
439
82
258
182
284
449
132
241
80
332
114
149
138
91
455
164
473
217
122
207
121
187
86
29
488
315
281
236
414
442
56
453
60
251
215
386
279
362
430
81
215
8
331
487
25
325
498
62
136
346
256
56
417
241
288
71
409
224
25
83
192
480
412
473
102
448
391
448
437
132
85
173
477
458
394
249
478
98
459
213
481
271
296
419
4
367
193
432
7
272
87
188
120
22
252
100
250
161
1
485
303
441
500
105
161
201
428
167
242
180
77
334
492
104
464
466
296
346
94
131
378
16
350
480
377
309
227
71
87
82
147
57
26
248
9
377
42
21
112
394
158
122
179
99
400
251
145
182
117
184
12
285
472
122
422
499
261
420
181
305
55
297
34
290
160
63
197
111
222
261
234
376
142
343
489
162
22
178
293
323
427
257
74
327
37
237
216
335
361
107
473
167
22
446
181
296
32
132
370
327
239
116
407
392
131
488
51
105
382
231
195
48
39
354
290
255
115
423
6
289
380
439
318
262
30
375
284
172
12
265
446
395
238
143
267
248
165
469
188
298
353
260
403
233
254
202
414
157
486
175
8
185
427
282
266
484
60
30
53
46
349
321
221
303
38
396
3
312
29
291
411
56
59
24
338
314
409
336
27
23
234
366
395
37
469
366
34
92
186
395
257
197
437
146
57
354
101
215
264
300
174
173
259
2
498
288
84
489
477
192
246
399
314
256
87
287
352
407
443
290
192
346
140
325
293
160
64
417
33
325
344
1
258
91
409
233
248
46
22
313
469
395
116
5
479
125
120
211
136
298
247
64
380
360
446
3
344
297
437
454
174
355
294
94
215
168
329
17
226
269
319
64
245
338
385
208
423
386
242
407
471
462
407
133
264
271
171
283
157
489
234
346
135
178
206
100
279
402
426
354
85
333
314
57
272
333
289
125
462
245
480
467
160
489
485
163
342
103
407
450
160
337
294
425
332
96
224
171
195
251
143
1
467
175
258
486
315
292
304
425
141
211
197
176
59
343
132
331
153
433
220
42
162
181
118
381
287
47
499
465
9
370
33
223
394
379
272
174
421
151
240
134
7
477
320
52
160
409
317
196
255
59
218
357
110
287
89
11
74
28
378
140
142
478
410
191
164
5
236
271
36
111
309
189
496
368
351
249
132
498
22
455
390
103
490
486
173
320
204
343
174
248
91
344
214
464
403
327
443
346
305
190
34
467
160
38
95
268
64
479
157
24
188
195
178
405
154
425
282
289
264
400
420
368
252
279
412
2
371
179
329
457
426
294
208
404
197
190
172
327
360
166
260
134
347
220
275
409
46
224
284
137
291
478
474
100
188
460
470
302
348
22
471
172
370
251
253
76
10
361
302
118
331
466
85
273
166
352
427
60
214
192
29
264
351
55
386
215
302
161
11
310
354
457
226
257
497
378
367
358
201
343
153
215
368
17
473
218
182
434
7
208
338
454
94
62
141
326
102
325
308
367
445
55
485
111
468
74
474
265
180
22
191
290
164
202
123
97
167
124
36
471
462
481
248
463
103
251
134
87
359
351
18
416
147
221
68
42
212
25
39
217
160
77
343
275
135
58
102
485
76
44
325
265
355
32
236
461
362
474
348
293
186
469
109
135
119
342
250
315
106
19
271
317
318
103
351
56
320
451
163
12
88
103
196
68
317
250
412
207
314
342
154
462
321
186
307
220
371
425
210
452
496
5
240
302
208
151
105
483
426
145
206
66
253
469
467
276
409
131
60
271
396
217
132
361
490
97
438
256
414
146
464
78
140
339
220
84
257
408
303
435
259
307
342
303
290
376
370
386
290
55
432
14
203
395
347
197
278
266
140
486
29
304
38
291
420
33
79
414
456
54
315
433
3
78
448
212
430
21
464
139
213
452
342
470
349
22
263
497
136
118
135
87
332
130
188
463
134
313
166
21
319
430
451
250
473
251
15
310
249
496
66
243
212
329
464
189
48
216
285
304
248
197
70
138
164
237
345
488
436
374
144
369
116
166
476
267
190
330
109
396
178
376
143
487
230
21
102
17
243
297
347
118
104
485
378
346
219
419
168
113
298
379
427
237
191
35
193
401
238
298
411
423
253
284
443
493
458
155
326
496
17
209
173
139
13
341
51
499
206
296
456
371
157
35
352
281
197
286
405
402
201
471
313
86
234
363
44
23
43
450
292
35
187
404
64
372
364
47
485
80
403
224
325
483
219
213
243
376
240
352
400
42
436
386
243
21
230
61
492
232
42
413
193
347
276
154
237
7
290
429
274
100
484
270
322
244
144
159
62
296
42
284
207
48
167
35
121
225
93
268
146
27
155
64
99
343
32
398
349
289
41
17
259
385
193
66
484
435
441
233
480
454
28
272
20
337
173
304
247
391
161
415
448
73
179
286
155
36
131
222
87
198
326
92
417
243
98
500
307
378
230
274
497
74
57
155
414
146
267
149
323
119
70
248
79
119
141
85
366
300
131
257
132
92
309
425
56
330
130
223
473
135
250
412
291
383
372
132
212
360
296
104
369
446
189
484
148
119
352
480
347
472
113
247
453
376
99
437
62
144
311
190
172
360
337
415
325
452
222
94
7
80
393
439
96
257
78
34
116
294
387
297
40
24
360
430
330
27
359
427
435
462
242
173
85
378
73
355
17
104
427
117
146
250
281
348
314
220
68
119
5
130
222
345
82
373
461
27
232
6
53
26
458
245
121
67
433
127
459
444
445
349
162
494
274
205
44
293
242
12
115
127
265
451
147
422
289
186
461
104
124
359
468
283
442
488
206
51
487
104
434
411
469
432
76
391
208
237
325
470
162
376
474
117
437
9
155
207
406
41
106
201
427
369
71
272
105
42
270
106
30
194
404
386
188
291
372
454
458
253
455
340
110
35
237
211
44
71
18
55
165
374
64
144
479
287
26
59
401
251
341
295
199
21
13
431
71
454
339
306
112
279
276
218
20
249
209
256
375
252
465
55
71
439
421
59
132
104
273
458
453
231
412
190
86
47
45
430
163
498
491
24
131
13
412
362
76
372
143
205
410
217
350
209
231
179
120
40
431
22
65
52
27
99
94
244
181
85
387
414
143
47
119
221
89
105
422
123
426
128
360
346
5
457
222
365
39
147
17
280
464
205
266
275
464
472
35
412
236
60
475
89
62
350
269
483
252
230
120
338
200
277
66
280
252
38
226
301
28
459
312
144
319
431
27
385
321
201
11
131
21
388
145
8
53
303
255
405
12
461
125
65
331
299
93
171
411
164
376
359
470
264
292
44
368
483
177
115
191
14
160
113
448
282
409
344
123
124
95
285
65
69
336
136
27
431
411
429
380
462
36
395
418
403
481
305
272
334
118
108
297
438
88
95
234
283
226
454
6
284
378
381
98
83
37
271
145
17
171
70
192
341
363
270
78
16
243
288
399
335
468
474
183
286
246
41
77
51
417
223
438
309
136
282
430
46
8
376
198
8
42
475
444
128
195
259
125
200
446
86
294
339
117
218
363
40
232
292
316
375
274
19
124
197
257
121
376
439
322
347
413
104
248
431
204
127
444
221
94
304
237
257
223
182
133
342
252
228
6
433
219
380
138
266
218
296
208
292
422
452
441
288
183
54
207
277
424
430
428
134
399
61
463
156
20
373
327
116
82
71
333
99
306
205
55
192
2
31
477
90
421
318
101
372
259
406
273
123
254
458
466
130
487
133
119
456
430
490
318
377
331
67
402
105
14
367
454
415
8
432
184
8
286
165
252
207
496
108
43
262
14
256
377
337
495
144
214
367
336
393
398
168
317
293
1
314
144
152
200
338
100
139
177
485
212
287
329
270
63
142
346
45
162
170
57
169
457
24
12
372
329
469
389
192
301
171
107
236
189
78
452
35
394
441
350
323
188
132
239
381
170
386
318
439
438
227
417
454
79
58
494
129
374
495
342
389
425
364
435
275
297
455
286
260
41
46
352
226
32
26
243
328
47
128
314
159
425
217
427
327
45
294
316
228
245
475
307
205
24
85
427
462
75
126
299
474
138
173
175
287
195
161
119
254
212
477
340
291
90
110
335
455
355
370
25
480
351
85
150
342
16
23
32
299
209
365
33
480
41
447
404
75
439
330
237
439
433
389
104
57
385
196
146
234
386
224
149
52
448
113
485
376
59
237
172
8
62
258
438
4
109
464
115
401
132
311
230
364
475
9
384
205
424
90
295
354
58
475
203
248
314
190
332
440
260
1
5
338
207
417
158
219
297
387
356
394
85
138
49
204
480
110
221
103
70
150
227
152
277
450
102
149
423
305
48
272
87
83
447
312
167
354
149
244
270
385
181
286
320
91
408
224
155
263
173
19
14
480
251
104
487
353
57
61
126
106
210
353
407
275
216
315
261
477
45
371
475
172
31
289
340
61
381
122
378
36
458
424
461
457
486
18
321
285
28
175
492
188
250
130
205
235
303
61
109
118
423
368
411
203
324
483
29
218
206
88
233
222
131
370
472
467
356
474
63
236
35
25
255
337
100
434
175
89
20
469
379
241
169
321
131
313
418
330
319
78
76
49
75
177
154
332
99
280
61
498
130
494
118
278
307
36
61
233
204
175
350
235
280
473
458
493
205
5
31
192
47
199
491
447
285
333
62
201
452
23
301
1
235
379
35
250
65
458
381
379
10
112
140
410
251
321
282
89
284
45
489
387
354
457
371
351
88
460
344
202
213
261
215
133
170
450
140
59
351
339
10
162
187
234
202
450
120
282
119
70
33
373
249
216
64
425
186
58
136
199
261
275
189
449
50
250
430
460
141
51
325
35
478
104
493
308
155
433
126
231
402
231
38
36
179
481
260
348
468
32
82
339
305
76
93
236
222
228
159
316
23
68
84
293
425
427
323
106
310
272
478
238
184
452
330
289
366
319
372
80
451
382
424
133
10
22
107
23
463
103
41
106
230
354
305
82
41
5
109
397
150
37
380
136
128
157
473
479
111
164
223
398
391
452
229
69
328
30
180
196
101
206
170
355
400
414
123
167
233
73
208
337
336
101
206
490
169
179
174
254
148
365
44
34
278
277
185
328
117
145
357
98
402
129
234
60
88
298
176
367
36
78
16
35
173
391
465
247
460
144
212
364
157
319
421
267
272
148
39
10
362
104
465
237
87
163
78
422
317
104
288
433
343
453
23
21
119
208
97
36
438
499
475
208
259
6
401
160
162
229
391
210
425
121
415
307
498
436
161
283
138
377
345
372
198
52
18
245
38
304
88
230
209
442
5
375
450
416
500
466
423
304
77
199
34
54
159
249
180
173
242
157
332
237
71
338
480
407
234
138
228
420
11
54
370
390
358
208
25
35
312
100
410
180
480
315
77
131
336
351
89
317
79
148
122
285
212
271
141
374
320
133
434
205
328
92
69
275
490
323
464
205
142
372
108
295
48
127
114
196
424
108
187
91
111
222
372
51
480
446
264
40
32
121
256
77
158
171
342
487
235
456
400
267
358
238
46
299
334
200
110
279
403
176
137
242
434
399
123
319
107
8
372
322
276
122
364
134
466
276
299
21
200
166
353
82
407
306
207
91
435
92
258
313
424
230
15
265
333
141
199
141
62
396
132
203
331
310
289
432
278
123
47
10
206
158
488
91
95
363
356
341
4
371
49
362
290
101
447
14
444
363
75
361
209
65
118
430
209
1
360
458
417
487
48
61
205
177
208
393
244
92
407
387
66
216
441
307
116
244
351
50
316
10
68
497
479
221
175
470
99
285
210
247
318
97
114
270
14
146
52
161
137
350
232
186
237
429
276
200
91
301
438
323
81
479
173
403
424
111
276
86
114
220
145
403
232
311
70
487
303
400
26
418
73
398
212
282
182
395
427
436
67
189
100
50
439
56
355
174
400
264
425
383
445
100
408
394
359
350
456
106
76
97
126
297
262
325
486
315
460
101
74
228
13
352
336
2
230
266
293
322
202
151
288
150
47
258
376
95
432
386
195
214
92
272
200
292
126
261
88
167
289
10
250
317
483
281
186
394
167
259
249
130
303
222
183
31
326
405
142
333
102
295
190
349
383
429
392
334
102
274
90
37
210
404
258
413
472
271
241
361
109
421
29
329
410
277
425
451
286
116
366
328
47
363
150
326
33
401
492
215
267
324
112
216
248
250
132
284
443
54
82
139
305
346
395
466
162
379
349
331
39
133
293
487
258
388
420
110
449
163
358
43
198
400
259
118
101
21
60
492
389
495
449
347
483
282
236
168
398
237
335
140
283
75
478
439
279
290
440
40
476
500
474
105
66
375
480
126
474
158
239
85
450
309
464
361
64
234
380
494
467
295
278
188
478
104
84
252
356
72
180
287
261
271
436
263
182
424
167
166
327
454
207
473
149
120
385
459
487
343
369
488
101
184
142
480
296
145
230
385
43
197
125
263
324
359
54
243
383
201
236
373
87
333
165
53
413
182
392
276
126
447
207
334
324
297
451
470
430
383
105
119
461
65
175
335
488
64
444
50
376
465
148
286
484
161
57
252
27
213
10
26
411
180
374
213
80
21
291
17
302
23
360
213
147
194
18
202
338
473
284
405
484
34
52
441
30
295
399
86
283
122
83
274
14
493
236
138
456
268
54
384
47
350
91
205
11
347
44
252
125
5
41
341
449
86
86
333
138
349
43
427
66
202
456
31
195
285
334
443
336
457
98
321
251
184
497
289
123
119
349
412
466
170
348
8
326
125
441
180
69
61
100
152
247
94
118
318
171
110
158
323
231
411
48
74
370
121
134
72
295
191
466
305
248
487
223
109
256
368
387
112
412
323
60
93
408
359
287
13
79
22
481
274
159
280
169
382
296
369
15
382
46
166
18
249
178
379
213
358
440
440
427
258
31
394
373
263
135
306
26
376
490
128
481
403
281
150
389
198
33
44
154
223
456
190
405
91
210
356
96
1
226
256
41
185
85
82
151
228
142
135
181
460
374
108
481
60
235
422
184
388
141
468
364
353
435
87
310
357
289
111
400
90
49
486
128
444
327
195
270
51
408
68
341
200
427
253
248
113
26
262
446
221
465
301
474
188
223
21
182
132
315
352
115
450
58
240
453
487
212
229
418
139
118
108
230
238
325
5
99
313
203
97
197
300
454
303
23
82
195
339
169
105
261
23
89
2
209
493
358
357
263
264
111
74
235
235
499
464
65
457
48
47
44
432
171
444
28
462
292
188
295
280
119
293
146
248
164
464
384
124
188
400
150
370
7
306
113
141
294
282
147
129
496
451
458
487
117
369
70
247
109
412
498
115
124
143
209
164
157
446
415
86
305
240
370
116
53
261
49
216
369
82
143
411
436
77
383
419
276
275
450
81
83
368
397
325
409
291
337
46
257
405
205
319
301
353
453
205
459
193
165
298
475
192
204
463
82
330
210
371
189
144
124
129
352
154
472
442
401
389
382
399
484
54
116
452
359
218
330
124
476
270
278
473
312
426
318
89
184
117
49
135
224
485
270
163
366
334
20
419
48
252
455
268
3
200
357
473
119
57
140
387
77
249
231
160
199
365
452
44
440
92
347
273
23
183
456
404
235
18
476
268
230