83 80
24 63
51 43
61 89
63 61
73 28
82 14
4 91
64 40
90 45
77 1
93 77
68 29
88 56
17 53
56 86
67 86
9 19
89 59
45 87
8 60
21 83
20 39
57 6
19 50
53 82
70 25
98 1
50 5
78 95
57 41
21 47
1 43
32 30
75 21
82 8
36 31
3 31
91 87
28 16
97 82
92 20
16 27
93 46
83 25
40 75
56 21
59 78
35 7
87 19
16 43
50 95
85 40
88 32
66 80
34 91
22 23
13 51
23 26
13 17
72 28
56 83
46 55
60 34
23 29
74 91
46 11
79 12
93 8
27 86
37 48
41 92
81 5
38 8
14 68
3 57
1 56
35 37
46 96
37 22
28 24
44 29
95 34
89 2
4 84
98 13
13 56
25 16
59 17
90 17
5 91
70 95
68 53
25 81
11 18
42 31
19 43
54 90
76 10
80 69